joint_position_head	joint_position_neck	joint_position_shoulder	joint_position_spine_top	joint_position_spine_mid	joint_position_spine_bottom	joint_position_left_shoulder	joint_position_left_elbow	joint_position_left_hand	joint_position_right_shoulder	joint_position_right_elbow	joint_position_right_hand	
XYZ order
1.662212,0.027575,0.328071	1.639463,0.030863,0.232021	0.000000,0.000000,0.000000	1.638268,0.030478,0.162296	1.634845,0.029375,-0.037347	1.597112,0.030034,-0.194614	1.644099,-0.096754,0.170776	1.623749,-0.278298,0.312998	1.594417,-0.222103,0.558572	1.647420,0.161199,0.177180	1.668013,0.333151,0.330829	1.623451,0.280919,0.574984	12
1.662214,0.027492,0.328079	1.639465,0.030862,0.232021	0.000000,0.000000,0.000000	1.638269,0.030477,0.162296	1.634846,0.029375,-0.037278	1.597126,0.030034,-0.194549	1.644067,-0.096762,0.170772	1.623737,-0.278301,0.313003	1.594434,-0.221936,0.558541	1.647582,0.161197,0.177179	1.667331,0.333194,0.330888	1.623714,0.280844,0.575188	12
1.662217,0.027454,0.328086	1.639467,0.030862,0.232021	0.000000,0.000000,0.000000	1.638270,0.030477,0.162296	1.634848,0.029376,-0.037208	1.597140,0.030033,-0.194483	1.644037,-0.096769,0.170768	1.623719,-0.278302,0.313007	1.594462,-0.221762,0.558511	1.647760,0.161193,0.177180	1.666551,0.333248,0.330943	1.623907,0.280625,0.575356	12
1.662219,0.027440,0.328092	1.639469,0.030862,0.232021	0.000000,0.000000,0.000000	1.638272,0.030477,0.162296	1.634849,0.029376,-0.037137	1.597155,0.030033,-0.194415	1.643994,-0.096775,0.170763	1.623717,-0.278303,0.313015	1.594505,-0.221612,0.558489	1.647938,0.161188,0.177180	1.665791,0.333304,0.330987	1.624134,0.280491,0.575528	12
1.662220,0.027439,0.328097	1.639471,0.030862,0.232021	0.000000,0.000000,0.000000	1.638273,0.030477,0.162296	1.634850,0.029377,-0.037065	1.597171,0.030033,-0.194347	1.643950,-0.096780,0.170758	1.623729,-0.278300,0.313029	1.594553,-0.221473,0.558476	1.648128,0.161181,0.177181	1.665008,0.333362,0.331025	1.624365,0.280404,0.575706	12
1.662222,0.027442,0.328102	1.639473,0.030861,0.232021	0.000000,0.000000,0.000000	1.638275,0.030477,0.162296	1.634851,0.029377,-0.036991	1.597187,0.030032,-0.194277	1.643904,-0.096785,0.170753	1.623747,-0.278298,0.313041	1.594608,-0.221346,0.558464	1.648324,0.161173,0.177182	1.664271,0.333420,0.331054	1.624561,0.280342,0.575861	12
1.662223,0.027445,0.328105	1.639475,0.030861,0.232021	0.000000,0.000000,0.000000	1.638277,0.030476,0.162296	1.634853,0.029377,-0.036916	1.597203,0.030032,-0.194206	1.643856,-0.096789,0.170748	1.623768,-0.278305,0.313042	1.594675,-0.221184,0.558430	1.648522,0.161165,0.177184	1.663841,0.333463,0.331062	1.624535,0.280317,0.575921	12
1.662225,0.027448,0.328108	1.639477,0.030861,0.232021	0.000000,0.000000,0.000000	1.638278,0.030476,0.162296	1.634854,0.029378,-0.036840	1.597219,0.030032,-0.194133	1.643811,-0.096792,0.170742	1.623793,-0.278318,0.313034	1.594733,-0.220998,0.558380	1.648714,0.161156,0.177186	1.663676,0.333498,0.331050	1.624319,0.280315,0.575893	12
1.662226,0.027450,0.328111	1.639479,0.030860,0.232021	0.000000,0.000000,0.000000	1.638280,0.030476,0.162296	1.634855,0.029378,-0.036762	1.597236,0.030031,-0.194059	1.643765,-0.096795,0.170737	1.623821,-0.278325,0.313033	1.594809,-0.220811,0.558340	1.648892,0.161148,0.177187	1.663637,0.333536,0.331020	1.623992,0.280308,0.575806	12
1.662227,0.027451,0.328112	1.639481,0.030860,0.232021	0.000000,0.000000,0.000000	1.638281,0.030476,0.162296	1.634857,0.029379,-0.036682	1.597254,0.030031,-0.193983	1.643723,-0.096798,0.170732	1.623852,-0.278328,0.313039	1.594908,-0.220583,0.558299	1.649066,0.161139,0.177189	1.663405,0.333594,0.330985	1.623702,0.280154,0.575715	12
1.662228,0.027452,0.328114	1.639484,0.030860,0.232021	0.000000,0.000000,0.000000	1.638283,0.030475,0.162296	1.634858,0.029380,-0.036597	1.597272,0.030031,-0.193903	1.643686,-0.096799,0.170724	1.623883,-0.278324,0.313047	1.595007,-0.220339,0.558259	1.649255,0.161128,0.177191	1.663022,0.333670,0.330941	1.623428,0.279946,0.575626	12
1.662229,0.027452,0.328115	1.639486,0.030859,0.232021	0.000000,0.000000,0.000000	1.638285,0.030475,0.162296	1.634860,0.029380,-0.036507	1.597292,0.030030,-0.193817	1.643649,-0.096800,0.170717	1.623918,-0.278318,0.313059	1.595106,-0.220071,0.558215	1.649439,0.161118,0.177193	1.662607,0.333756,0.330887	1.623104,0.279845,0.575546	12
1.662230,0.027452,0.328116	1.639488,0.030859,0.232021	0.000000,0.000000,0.000000	1.638286,0.030475,0.162296	1.634861,0.029381,-0.036411	1.597313,0.030030,-0.193725	1.643605,-0.096803,0.170712	1.623954,-0.278313,0.313074	1.595222,-0.219784,0.558173	1.649645,0.161106,0.177196	1.662375,0.333842,0.330817	1.622572,0.279842,0.575407	12
1.662235,0.027452,0.328116	1.639490,0.030859,0.232021	0.000000,0.000000,0.000000	1.638288,0.030475,0.162296	1.634863,0.029381,-0.036309	1.597335,0.030030,-0.193628	1.643554,-0.096805,0.170709	1.623976,-0.278288,0.313116	1.595344,-0.219500,0.558165	1.649857,0.161093,0.177200	1.662242,0.333926,0.330740	1.621871,0.279887,0.575229	12
1.662241,0.027452,0.328115	1.639492,0.030858,0.232021	0.000000,0.000000,0.000000	1.638290,0.030474,0.162296	1.634865,0.029382,-0.036204	1.597355,0.030029,-0.193526	1.643493,-0.096808,0.170706	1.623999,-0.278239,0.313192	1.595459,-0.219197,0.558190	1.650061,0.161080,0.177203	1.662161,0.334003,0.330665	1.621120,0.279951,0.575039	12
1.662246,0.027451,0.328115	1.639495,0.030858,0.232021	0.000000,0.000000,0.000000	1.638291,0.030474,0.162296	1.634866,0.029383,-0.036095	1.597376,0.030029,-0.193422	1.643433,-0.096811,0.170703	1.624022,-0.278157,0.313307	1.595604,-0.218845,0.558254	1.650260,0.161066,0.177206	1.662105,0.334073,0.330593	1.620286,0.280063,0.574844	12
1.662249,0.027452,0.328116	1.639497,0.030858,0.232021	0.000000,0.000000,0.000000	1.638293,0.030474,0.162296	1.634868,0.029383,-0.035985	1.597397,0.030028,-0.193316	1.643371,-0.096813,0.170700	1.624046,-0.278061,0.313440	1.595726,-0.218487,0.558335	1.650455,0.161053,0.177210	1.662051,0.334114,0.330554	1.619433,0.280188,0.574686	12
1.662250,0.027452,0.328116	1.639500,0.030857,0.232021	0.000000,0.000000,0.000000	1.638295,0.030474,0.162296	1.634870,0.029384,-0.035872	1.597417,0.030028,-0.193208	1.643312,-0.096816,0.170699	1.624071,-0.277942,0.313605	1.595826,-0.217963,0.558410	1.650663,0.161038,0.177214	1.661990,0.334148,0.330524	1.618585,0.280318,0.574538	12
1.662251,0.027452,0.328117	1.639502,0.030857,0.232021	0.000000,0.000000,0.000000	1.638296,0.030474,0.162296	1.634872,0.029384,-0.035759	1.597438,0.030027,-0.193099	1.643261,-0.096818,0.170699	1.624096,-0.277804,0.313794	1.595829,-0.217256,0.558456	1.650883,0.161021,0.177219	1.661923,0.334195,0.330478	1.617781,0.280449,0.574379	12
1.662251,0.027452,0.328118	1.639504,0.030857,0.232021	0.000000,0.000000,0.000000	1.638298,0.030473,0.162296	1.634874,0.029385,-0.035644	1.597458,0.030027,-0.192989	1.643169,-0.096822,0.170700	1.624132,-0.277651,0.314010	1.595825,-0.216497,0.558517	1.651091,0.161004,0.177224	1.661857,0.334242,0.330429	1.617031,0.280583,0.574225	12
1.662251,0.027451,0.328118	1.639507,0.030856,0.232021	0.000000,0.000000,0.000000	1.638300,0.030473,0.162296	1.634876,0.029386,-0.035528	1.597479,0.030026,-0.192878	1.643136,-0.096823,0.170700	1.624157,-0.277481,0.314234	1.595879,-0.215623,0.558566	1.651298,0.160988,0.177228	1.661788,0.334323,0.330343	1.616369,0.280725,0.574042	12
1.662252,0.027451,0.328118	1.639510,0.030856,0.232021	0.000000,0.000000,0.000000	1.638302,0.030473,0.162296	1.634878,0.029387,-0.035411	1.597500,0.030026,-0.192766	1.643134,-0.096823,0.170698	1.624178,-0.277286,0.314479	1.595980,-0.214709,0.558638	1.651499,0.160971,0.177232	1.661718,0.334444,0.330209	1.615888,0.280892,0.573842	12
1.662252,0.027451,0.328119	1.639512,0.030855,0.232021	0.000000,0.000000,0.000000	1.638304,0.030473,0.162296	1.634879,0.029388,-0.035293	1.597522,0.030025,-0.192654	1.643146,-0.096822,0.170696	1.624195,-0.277095,0.314716	1.596107,-0.213837,0.558712	1.651701,0.160954,0.177236	1.661646,0.334596,0.330039	1.615475,0.281081,0.573615	12
1.662253,0.027451,0.328119	1.639515,0.030855,0.232021	0.000000,0.000000,0.000000	1.638306,0.030472,0.162296	1.634882,0.029388,-0.035175	1.597543,0.030025,-0.192540	1.643184,-0.096821,0.170695	1.624196,-0.277007,0.314820	1.596253,-0.213165,0.558681	1.651904,0.160937,0.177240	1.661576,0.334779,0.329832	1.615416,0.281279,0.573414	12
1.662253,0.027452,0.328119	1.639519,0.030855,0.232021	0.000000,0.000000,0.000000	1.638309,0.030472,0.162296	1.634884,0.029389,-0.035056	1.597565,0.030024,-0.192427	1.643230,-0.096821,0.170695	1.624189,-0.276963,0.314867	1.596641,-0.213164,0.556992	1.652108,0.160919,0.177244	1.661504,0.335003,0.329579	1.615778,0.281862,0.571526	12
1.662254,0.027452,0.328120	1.639523,0.030855,0.232021	0.000000,0.000000,0.000000	1.638312,0.030472,0.162296	1.634886,0.029390,-0.034936	1.597591,0.030024,-0.192316	1.643275,-0.096820,0.170695	1.624181,-0.276928,0.314903	1.597091,-0.213734,0.554835	1.652301,0.160902,0.177248	1.661440,0.335261,0.329283	1.616318,0.282588,0.569041	12
1.662254,0.027452,0.328120	1.639527,0.030854,0.232021	0.000000,0.000000,0.000000	1.638315,0.030472,0.162297	1.634888,0.029391,-0.034815	1.597620,0.030023,-0.192210	1.643332,-0.096819,0.170696	1.624170,-0.276892,0.314939	1.597380,-0.214288,0.552679	1.652495,0.160885,0.177251	1.661378,0.335538,0.328964	1.616871,0.283338,0.566559	12
1.662255,0.027452,0.328120	1.639532,0.030854,0.232021	0.000000,0.000000,0.000000	1.638319,0.030472,0.162296	1.634891,0.029392,-0.034694	1.597651,0.030023,-0.192108	1.643395,-0.096818,0.170696	1.624158,-0.276845,0.314986	1.597520,-0.214771,0.550788	1.652715,0.160865,0.177255	1.661314,0.335834,0.328621	1.617372,0.284017,0.564310	12
1.662256,0.027452,0.328121	1.639538,0.030854,0.232021	0.000000,0.000000,0.000000	1.638323,0.030472,0.162297	1.634893,0.029393,-0.034573	1.597682,0.030022,-0.192011	1.643466,-0.096818,0.170697	1.624145,-0.276790,0.315043	1.597646,-0.215311,0.549286	1.652933,0.160846,0.177259	1.661284,0.335988,0.328437	1.617741,0.284525,0.562547	12
1.662503,0.027484,0.328001	1.639545,0.030854,0.232021	0.000000,0.000000,0.000000	1.638332,0.030477,0.162296	1.634907,0.029412,-0.034516	1.597744,0.030004,-0.192020	1.643526,-0.096811,0.170684	1.624138,-0.276713,0.315110	1.597742,-0.215816,0.548132	1.653293,0.160709,0.177022	1.661217,0.335881,0.328188	1.618057,0.285327,0.561181	12
