joint_position_head	joint_position_neck	joint_position_shoulder	joint_position_spine_top	joint_position_spine_mid	joint_position_spine_bottom	joint_position_left_shoulder	joint_position_left_elbow	joint_position_left_hand	joint_position_right_shoulder	joint_position_right_elbow	joint_position_right_hand	
XYZ order
1.675851,0.023628,0.253382	1.656811,0.025772,0.158627	0.000000,0.000000,0.000000	1.649448,0.026034,0.088919	1.627460,0.026814,-0.119228	1.580100,0.028541,-0.271077	1.658641,-0.134412,0.114628	1.641610,-0.182373,0.341708	1.607101,-0.023486,0.515014	1.671322,0.186926,0.120969	1.648696,0.252501,0.343104	1.605051,0.083089,0.503935	12
1.675884,0.023455,0.253203	1.656811,0.025772,0.158090	0.000000,0.000000,0.000000	1.649095,0.026079,0.088421	1.626054,0.026997,-0.119612	1.578548,0.028788,-0.271034	1.658277,-0.134133,0.112963	1.641816,-0.182069,0.340091	1.606874,-0.025277,0.514457	1.671283,0.186778,0.119662	1.648906,0.252070,0.341906	1.604834,0.083185,0.502364	12
1.675917,0.023259,0.253033	1.656811,0.025772,0.157555	0.000000,0.000000,0.000000	1.648797,0.026123,0.087918	1.624866,0.027171,-0.120014	1.577083,0.029152,-0.270871	1.658102,-0.133623,0.110569	1.642032,-0.181637,0.337709	1.606775,-0.026986,0.512944	1.671271,0.186787,0.119034	1.649024,0.251829,0.341364	1.604634,0.082444,0.500125	12
1.675956,0.023045,0.252880	1.656811,0.025772,0.157030	0.000000,0.000000,0.000000	1.648522,0.026163,0.087426	1.623769,0.027331,-0.120410	1.576114,0.029555,-0.270836	1.658044,-0.133355,0.109036	1.642131,-0.181414,0.336177	1.606610,-0.027756,0.511030	1.671281,0.186864,0.118725	1.649077,0.251671,0.341128	1.604444,0.081339,0.497445	12
1.675987,0.022819,0.252746	1.656811,0.025772,0.156513	0.000000,0.000000,0.000000	1.648346,0.026190,0.086930	1.623067,0.027436,-0.120843	1.575638,0.029815,-0.270954	1.658034,-0.133184,0.107866	1.642177,-0.181295,0.335000	1.605987,-0.026295,0.510866	1.671313,0.186974,0.118590	1.649107,0.251574,0.341054	1.603536,0.078411,0.496601	12
1.676064,0.022586,0.252741	1.656811,0.025772,0.156144	0.000000,0.000000,0.000000	1.648255,0.026204,0.086572	1.622705,0.027493,-0.121169	1.575442,0.029941,-0.271024	1.658041,-0.133192,0.107449	1.642157,-0.181343,0.334573	1.605327,-0.024374,0.512246	1.671351,0.187060,0.118512	1.649133,0.251500,0.341020	1.602680,0.075860,0.497719	12
1.676146,0.022361,0.252849	1.656811,0.025772,0.155921	0.000000,0.000000,0.000000	1.648207,0.026210,0.086356	1.622516,0.027517,-0.121367	1.575397,0.029982,-0.271020	1.658052,-0.133280,0.107453	1.642097,-0.181500,0.334557	1.604652,-0.022346,0.513973	1.671389,0.187111,0.118440	1.649173,0.251441,0.340981	1.602085,0.073488,0.499216	12
1.676219,0.022144,0.253020	1.656811,0.025772,0.155806	0.000000,0.000000,0.000000	1.648176,0.026212,0.086244	1.622390,0.027524,-0.121467	1.575418,0.029980,-0.270963	1.658060,-0.133389,0.107642	1.642029,-0.181694,0.334723	1.604012,-0.020455,0.515550	1.671423,0.187134,0.118361	1.649225,0.251395,0.340923	1.601625,0.071649,0.500825	12
1.676280,0.021939,0.253198	1.656812,0.025772,0.155743	0.000000,0.000000,0.000000	1.648158,0.026212,0.086183	1.622319,0.027525,-0.121521	1.575453,0.029966,-0.270877	1.658066,-0.133495,0.107879	1.642007,-0.181762,0.334966	1.603499,-0.018765,0.516915	1.671450,0.187149,0.118306	1.649293,0.251366,0.340885	1.601383,0.070533,0.502627	12
1.676334,0.021731,0.253368	1.656812,0.025772,0.155714	0.000000,0.000000,0.000000	1.648150,0.026211,0.086156	1.622287,0.027523,-0.121545	1.575485,0.029951,-0.270768	1.658071,-0.133605,0.108171	1.641985,-0.181836,0.335264	1.603047,-0.017117,0.517795	1.671471,0.187144,0.118207	1.649371,0.251332,0.340800	1.601338,0.069902,0.504330	12
1.676338,0.021502,0.253525	1.656812,0.025772,0.155704	0.000000,0.000000,0.000000	1.648148,0.026211,0.086146	1.622276,0.027521,-0.121554	1.575509,0.029939,-0.270647	1.658073,-0.133710,0.108473	1.641962,-0.181922,0.335567	1.602561,-0.015568,0.518257	1.671480,0.187132,0.118095	1.649471,0.251297,0.340703	1.601196,0.069355,0.505532	12
1.676342,0.021298,0.253655	1.656812,0.025772,0.155701	0.000000,0.000000,0.000000	1.648148,0.026210,0.086143	1.622275,0.027519,-0.121557	1.575524,0.029930,-0.270525	1.658074,-0.133804,0.108752	1.641934,-0.182028,0.335842	1.602219,-0.014705,0.518938	1.671484,0.187118,0.117985	1.649580,0.251283,0.340603	1.600931,0.068986,0.506432	12
1.676364,0.020999,0.253755	1.656813,0.025772,0.155702	0.000000,0.000000,0.000000	1.648148,0.026210,0.086144	1.622277,0.027518,-0.121556	1.575529,0.029925,-0.270400	1.658075,-0.133897,0.109032	1.641903,-0.182151,0.336114	1.601980,-0.014183,0.519632	1.671486,0.187097,0.117853	1.649705,0.251248,0.340488	1.600583,0.068842,0.507225	12
1.676383,0.020666,0.253834	1.656813,0.025771,0.155703	0.000000,0.000000,0.000000	1.648149,0.026209,0.086145	1.622279,0.027517,-0.121554	1.575529,0.029921,-0.270277	1.658076,-0.133986,0.109309	1.641876,-0.182272,0.336382	1.601841,-0.013608,0.520069	1.671485,0.187063,0.117676	1.649834,0.251195,0.340329	1.600277,0.068884,0.507952	12
1.676398,0.020257,0.253891	1.656813,0.025771,0.155704	0.000000,0.000000,0.000000	1.648149,0.026209,0.086146	1.622280,0.027517,-0.121554	1.575527,0.029919,-0.270159	1.658077,-0.134074,0.109585	1.641851,-0.182391,0.336650	1.601761,-0.012967,0.520280	1.671486,0.187051,0.117589	1.649973,0.251180,0.340257	1.599894,0.069291,0.508898	12
1.676410,0.019920,0.253939	1.656813,0.025771,0.155703	0.000000,0.000000,0.000000	1.648150,0.026209,0.086145	1.622280,0.027516,-0.121555	1.575535,0.029916,-0.270056	1.658077,-0.134150,0.109821	1.641836,-0.182523,0.336872	1.601687,-0.012471,0.520432	1.671488,0.187049,0.117551	1.650037,0.251154,0.340231	1.599742,0.069110,0.509211	12
1.676419,0.019590,0.253976	1.656814,0.025771,0.155702	0.000000,0.000000,0.000000	1.648150,0.026209,0.086144	1.622280,0.027516,-0.121556	1.575545,0.029913,-0.269969	1.658078,-0.134296,0.110310	1.641806,-0.182731,0.337346	1.601585,-0.011877,0.520562	1.671492,0.187052,0.117536	1.650055,0.251123,0.340227	1.599723,0.068560,0.509088	12
1.676426,0.019167,0.253999	1.656814,0.025771,0.155699	0.000000,0.000000,0.000000	1.648150,0.026209,0.086141	1.622279,0.027516,-0.121558	1.575565,0.029910,-0.269905	1.658079,-0.134354,0.110491	1.641806,-0.182892,0.337505	1.601405,-0.011602,0.520609	1.671496,0.187057,0.117531	1.650051,0.251095,0.340231	1.599768,0.067836,0.508715	12
1.676432,0.018847,0.254022	1.656814,0.025771,0.155697	0.000000,0.000000,0.000000	1.648150,0.026209,0.086139	1.622278,0.027516,-0.121561	1.575588,0.029907,-0.269862	1.658079,-0.134365,0.110505	1.641790,-0.183010,0.337495	1.601100,-0.011510,0.520607	1.671499,0.187062,0.117528	1.650033,0.251095,0.340228	1.599704,0.067436,0.508555	12
1.676438,0.018647,0.254046	1.656814,0.025771,0.155694	0.000000,0.000000,0.000000	1.648150,0.026208,0.086136	1.622277,0.027516,-0.121563	1.575603,0.029904,-0.269833	1.658079,-0.134380,0.110539	1.641783,-0.183152,0.337501	1.600669,-0.011402,0.520498	1.671505,0.187067,0.117529	1.650005,0.251118,0.340220	1.599562,0.067236,0.508504	12
1.676443,0.018538,0.254070	1.656815,0.025770,0.155692	0.000000,0.000000,0.000000	1.648150,0.026208,0.086134	1.622275,0.027516,-0.121565	1.575613,0.029901,-0.269812	1.658079,-0.134402,0.110599	1.641780,-0.183294,0.337535	1.600002,-0.011274,0.520299	1.671510,0.187072,0.117531	1.649975,0.251147,0.340211	1.599374,0.067093,0.508447	12
1.676462,0.018476,0.254091	1.656816,0.025770,0.155691	0.000000,0.000000,0.000000	1.648150,0.026208,0.086133	1.622274,0.027515,-0.121566	1.575620,0.029898,-0.269797	1.658079,-0.134425,0.110663	1.641777,-0.183482,0.337563	1.599099,-0.011176,0.519989	1.671516,0.187075,0.117532	1.649939,0.251164,0.340205	1.599136,0.066975,0.508382	12
1.676487,0.018449,0.254108	1.656816,0.025770,0.155690	0.000000,0.000000,0.000000	1.648150,0.026208,0.086132	1.622272,0.027515,-0.121567	1.575624,0.029895,-0.269787	1.658079,-0.134452,0.110748	1.641772,-0.183685,0.337610	1.597917,-0.011039,0.519543	1.671522,0.187079,0.117533	1.649901,0.251174,0.340199	1.598777,0.066924,0.508334	12
1.676514,0.018433,0.254123	1.656817,0.025769,0.155689	0.000000,0.000000,0.000000	1.648150,0.026207,0.086132	1.622271,0.027515,-0.121567	1.575627,0.029889,-0.269780	1.658080,-0.134484,0.110845	1.641765,-0.183913,0.337663	1.596543,-0.011042,0.519136	1.671529,0.187081,0.117534	1.649857,0.251173,0.340196	1.598553,0.066161,0.507530	12
1.676535,0.018427,0.254137	1.656818,0.025768,0.155689	0.000000,0.000000,0.000000	1.648151,0.026206,0.086131	1.622270,0.027515,-0.121567	1.575629,0.029882,-0.269776	1.658080,-0.134520,0.110958	1.641761,-0.184177,0.337726	1.595027,-0.011134,0.518724	1.671535,0.187082,0.117535	1.649812,0.251182,0.340190	1.598359,0.065182,0.506455	12
1.676557,0.018422,0.254147	1.656820,0.025766,0.155689	0.000000,0.000000,0.000000	1.648152,0.026205,0.086131	1.622268,0.027515,-0.121567	1.575629,0.029874,-0.269774	1.658080,-0.134557,0.111077	1.641782,-0.184478,0.337789	1.594002,-0.012782,0.516724	1.671541,0.187083,0.117536	1.649769,0.251196,0.340182	1.598616,0.065705,0.503755	12
1.676579,0.018416,0.254156	1.656821,0.025764,0.155688	0.000000,0.000000,0.000000	1.648152,0.026204,0.086131	1.622267,0.027515,-0.121567	1.575630,0.029865,-0.269775	1.658080,-0.134595,0.111197	1.641826,-0.184791,0.337852	1.593064,-0.014938,0.514198	1.671547,0.187083,0.117537	1.649711,0.251210,0.340173	1.598904,0.067148,0.501004	12
1.676606,0.018411,0.254162	1.656824,0.025762,0.155688	0.000000,0.000000,0.000000	1.648154,0.026202,0.086131	1.622265,0.027515,-0.121566	1.575629,0.029856,-0.269777	1.658080,-0.134638,0.111339	1.641877,-0.185068,0.337945	1.592206,-0.016947,0.511825	1.671556,0.187083,0.117538	1.649650,0.251225,0.340164	1.599100,0.068472,0.498317	12
1.676636,0.018407,0.254167	1.656828,0.025761,0.155688	0.000000,0.000000,0.000000	1.648157,0.026201,0.086131	1.622265,0.027515,-0.121566	1.575629,0.029850,-0.269781	1.658080,-0.134683,0.111487	1.641926,-0.185393,0.338034	1.592525,-0.018448,0.509994	1.671567,0.187083,0.117540	1.649622,0.251256,0.340152	1.599178,0.069426,0.495950	12
