joint_position_head	joint_position_neck	joint_position_shoulder	joint_position_spine_top	joint_position_spine_mid	joint_position_spine_bottom	joint_position_left_shoulder	joint_position_left_elbow	joint_position_left_hand	joint_position_right_shoulder	joint_position_right_elbow	joint_position_right_hand	
XYZ order
1.663693,0.018636,0.300728	1.632779,0.021617,0.198579	0.000000,0.000000,0.000000	1.619297,0.021863,0.123223	1.579633,0.022586,-0.098464	1.523319,0.021455,-0.274948	1.647059,-0.136555,0.134130	1.584147,-0.365088,0.225814	1.499368,-0.381770,0.510199	1.637392,0.182754,0.140361	1.649978,0.426706,0.210505	1.619754,0.517359,0.491946	12
1.663937,0.018560,0.300092	1.632834,0.021617,0.198170	0.000000,0.000000,0.000000	1.619508,0.021798,0.122786	1.580313,0.022334,-0.098933	1.523814,0.021120,-0.275380	1.647665,-0.136413,0.133385	1.584452,-0.364869,0.225054	1.500159,-0.381778,0.509263	1.638037,0.182536,0.139284	1.650136,0.426791,0.208448	1.619774,0.516724,0.489794	12
1.664054,0.018505,0.299501	1.632888,0.021616,0.197727	0.000000,0.000000,0.000000	1.619753,0.021747,0.122310	1.581137,0.022132,-0.099415	1.524426,0.020861,-0.275813	1.647920,-0.135958,0.131713	1.584946,-0.364242,0.223972	1.501032,-0.381887,0.508201	1.638403,0.182307,0.138045	1.650346,0.426991,0.205695	1.619796,0.516089,0.487239	12
1.664508,0.018642,0.298771	1.632947,0.021615,0.197257	0.000000,0.000000,0.000000	1.619988,0.021707,0.121809	1.581911,0.021978,-0.099882	1.525657,0.020703,-0.274358	1.648091,-0.135536,0.129921	1.585408,-0.363782,0.222471	1.501999,-0.381939,0.507066	1.638989,0.181997,0.136416	1.650570,0.427103,0.202590	1.619870,0.515616,0.484554	12
1.665175,0.018765,0.297618	1.633011,0.021615,0.196572	0.000000,0.000000,0.000000	1.620202,0.021680,0.121098	1.582583,0.021871,-0.100558	1.527130,0.020626,-0.272503	1.648134,-0.135058,0.127658	1.585895,-0.363583,0.219817	1.503120,-0.381895,0.505229	1.639943,0.181727,0.134600	1.650783,0.427375,0.198852	1.619999,0.514977,0.481739	12
1.665679,0.018843,0.294943	1.633074,0.021614,0.194343	0.000000,0.000000,0.000000	1.620335,0.021663,0.118858	1.582953,0.021807,-0.102644	1.527593,0.020605,-0.273951	1.648123,-0.134806,0.124287	1.586282,-0.363719,0.215747	1.504403,-0.381721,0.502650	1.640456,0.181657,0.131621	1.651116,0.427638,0.194635	1.620133,0.514619,0.478917	12
1.665744,0.018947,0.290660	1.633471,0.021652,0.190023	0.000000,0.000000,0.000000	1.620631,0.021684,0.114554	1.582994,0.021777,-0.106666	1.527210,0.020599,-0.278236	1.648194,-0.135509,0.121068	1.586327,-0.365069,0.210864	1.506076,-0.381194,0.498737	1.640825,0.182086,0.127734	1.651581,0.428026,0.190899	1.620389,0.514012,0.475868	12
1.665572,0.018978,0.285676	1.634107,0.021689,0.184456	0.000000,0.000000,0.000000	1.621073,0.021700,0.109020	1.582895,0.021731,-0.111946	1.526542,0.020594,-0.284135	1.648313,-0.136525,0.117539	1.586374,-0.366784,0.205471	1.507799,-0.380620,0.493884	1.641219,0.182922,0.123903	1.652104,0.428428,0.188691	1.620593,0.513758,0.473784	12
1.665599,0.018925,0.280494	1.634865,0.021712,0.178508	0.000000,0.000000,0.000000	1.621601,0.021700,0.103112	1.582749,0.021662,-0.117737	1.525855,0.020585,-0.290607	1.648413,-0.137153,0.112814	1.586776,-0.367728,0.200143	1.508673,-0.380396,0.488419	1.641600,0.183461,0.119092	1.652656,0.428088,0.187044	1.620876,0.513788,0.471667	12
1.665785,0.018837,0.276058	1.635682,0.021725,0.173219	0.000000,0.000000,0.000000	1.622158,0.021654,0.097870	1.582523,0.021445,-0.122964	1.525034,0.020424,-0.296396	1.648811,-0.138005,0.109611	1.587241,-0.368654,0.196801	1.508142,-0.380402,0.484942	1.641955,0.184113,0.115567	1.653290,0.428321,0.185000	1.621112,0.513978,0.469691	12
1.666522,0.018686,0.272744	1.636534,0.021730,0.169161	0.000000,0.000000,0.000000	1.622774,0.021575,0.093855	1.582391,0.021120,-0.127154	1.524414,0.020142,-0.301040	1.649619,-0.138567,0.107210	1.587931,-0.369244,0.194243	1.508098,-0.380430,0.482244	1.642547,0.184529,0.112904	1.653978,0.428777,0.182206	1.621442,0.514370,0.466916	12
1.667902,0.018508,0.269711	1.637386,0.021732,0.165587	0.000000,0.000000,0.000000	1.623401,0.021493,0.090323	1.582292,0.020789,-0.130905	1.523966,0.019726,-0.305154	1.650128,-0.138552,0.103883	1.589135,-0.368813,0.192475	1.509211,-0.380601,0.480720	1.643448,0.184700,0.110226	1.654718,0.429369,0.178041	1.622128,0.515027,0.463021	12
1.669887,0.018315,0.266727	1.638240,0.021732,0.162388	0.000000,0.000000,0.000000	1.624069,0.021412,0.087160	1.582349,0.020469,-0.134311	1.523866,0.019243,-0.308875	1.650425,-0.137942,0.099340	1.590767,-0.367415,0.190808	1.511033,-0.380963,0.479644	1.644497,0.184305,0.106250	1.655463,0.429333,0.172809	1.623828,0.514657,0.458623	12
1.671643,0.018106,0.264177	1.639085,0.021732,0.159674	0.000000,0.000000,0.000000	1.624725,0.021349,0.084481	1.582396,0.020220,-0.137167	1.523759,0.018788,-0.311960	1.650904,-0.137844,0.096639	1.592170,-0.367070,0.189338	1.512968,-0.381061,0.478959	1.645460,0.184270,0.103831	1.656311,0.429318,0.170347	1.626085,0.514444,0.457034	12
1.673101,0.017876,0.262046	1.639896,0.021731,0.157493	0.000000,0.000000,0.000000	1.625335,0.021298,0.082340	1.582383,0.020020,-0.139338	1.523585,0.018371,-0.314293	1.651417,-0.137957,0.095091	1.593337,-0.367447,0.187564	1.514733,-0.380974,0.477881	1.645993,0.184330,0.102253	1.657238,0.429199,0.169360	1.628981,0.514453,0.456722	12
1.674066,0.017608,0.260410	1.640695,0.021731,0.155796	0.000000,0.000000,0.000000	1.625917,0.021246,0.080685	1.582327,0.019816,-0.140871	1.523346,0.017968,-0.315932	1.651667,-0.138132,0.094291	1.594536,-0.368334,0.185572	1.516388,-0.380768,0.476178	1.646235,0.184105,0.100447	1.658199,0.428541,0.168982	1.632341,0.514446,0.456493	12
1.674756,0.017396,0.259170	1.641482,0.021730,0.154525	0.000000,0.000000,0.000000	1.626484,0.021200,0.079458	1.582273,0.019636,-0.141829	1.523124,0.017596,-0.316965	1.651782,-0.138248,0.093815	1.595344,-0.368794,0.184663	1.517458,-0.380731,0.474792	1.646329,0.183533,0.098129	1.659074,0.427334,0.168737	1.635350,0.514342,0.455525	12
1.675157,0.017263,0.258455	1.642253,0.021730,0.153755	0.000000,0.000000,0.000000	1.627048,0.021153,0.078730	1.582274,0.019453,-0.142208	1.523014,0.017257,-0.317411	1.651826,-0.138230,0.093525	1.595741,-0.368879,0.184337	1.517943,-0.380743,0.473560	1.646363,0.182868,0.096116	1.659656,0.426126,0.168488	1.636799,0.514257,0.454062	12
1.675385,0.017170,0.258090	1.643001,0.021730,0.153350	0.000000,0.000000,0.000000	1.627607,0.021107,0.078363	1.582327,0.019273,-0.142192	1.523007,0.017044,-0.317459	1.652048,-0.138101,0.093340	1.595908,-0.368723,0.184186	1.518422,-0.380760,0.472526	1.646389,0.182582,0.095529	1.659880,0.425693,0.168371	1.637695,0.514139,0.452932	12
1.675495,0.017106,0.257849	1.643538,0.021730,0.153119	0.000000,0.000000,0.000000	1.628008,0.021061,0.078161	1.582388,0.019096,-0.142022	1.523042,0.016949,-0.317349	1.652336,-0.137883,0.093080	1.595992,-0.368396,0.184079	1.518592,-0.380807,0.471666	1.646380,0.182474,0.095573	1.659877,0.425621,0.168298	1.638325,0.514045,0.452146	12
1.675504,0.017091,0.257736	1.643863,0.021730,0.153023	0.000000,0.000000,0.000000	1.628252,0.021013,0.078082	1.582452,0.018910,-0.141768	1.523104,0.016907,-0.317150	1.652734,-0.137628,0.092824	1.595988,-0.367945,0.184066	1.518590,-0.380886,0.471149	1.646366,0.182471,0.095981	1.659791,0.425759,0.168245	1.638435,0.514116,0.451641	12
1.675470,0.017111,0.257710	1.644052,0.021730,0.153001	0.000000,0.000000,0.000000	1.628394,0.020977,0.078070	1.582512,0.018770,-0.141497	1.523175,0.016897,-0.316927	1.653160,-0.137362,0.092558	1.595953,-0.367449,0.184090	1.518404,-0.380984,0.470897	1.646353,0.182542,0.096603	1.659648,0.425981,0.168381	1.638307,0.514165,0.451620	12
1.675432,0.017144,0.257709	1.644099,0.021730,0.153008	0.000000,0.000000,0.000000	1.628430,0.020964,0.078080	1.582561,0.018721,-0.141258	1.523240,0.016897,-0.316729	1.653327,-0.137149,0.092369	1.595917,-0.367076,0.184176	1.518130,-0.381051,0.470948	1.646345,0.182651,0.097295	1.659465,0.426275,0.168475	1.638105,0.514181,0.451849	12
1.675399,0.017177,0.257720	1.644080,0.021730,0.153024	0.000000,0.000000,0.000000	1.628416,0.020968,0.078095	1.582599,0.018738,-0.141063	1.523294,0.016900,-0.316567	1.653410,-0.137112,0.092585	1.595839,-0.367045,0.184276	1.517772,-0.381027,0.471225	1.646339,0.182777,0.097985	1.659266,0.426593,0.168538	1.637834,0.514263,0.452236	12
1.675375,0.017201,0.257737	1.644038,0.021730,0.153038	0.000000,0.000000,0.000000	1.628384,0.020974,0.078107	1.582628,0.018765,-0.140911	1.523336,0.016902,-0.316442	1.653437,-0.137163,0.093017	1.595738,-0.367186,0.184402	1.517258,-0.380993,0.471529	1.646338,0.182893,0.098638	1.659085,0.426891,0.168592	1.637540,0.514340,0.452635	12
1.675359,0.017216,0.257759	1.643992,0.021730,0.153048	0.000000,0.000000,0.000000	1.628349,0.020979,0.078114	1.582650,0.018785,-0.140797	1.523368,0.016903,-0.316349	1.653441,-0.137240,0.093523	1.595652,-0.367400,0.184504	1.516736,-0.380944,0.471789	1.646338,0.182970,0.099193	1.658873,0.427127,0.168631	1.637300,0.514393,0.452995	12
1.675362,0.017220,0.257767	1.643950,0.021730,0.153054	0.000000,0.000000,0.000000	1.628317,0.020982,0.078118	1.582666,0.018796,-0.140711	1.523391,0.016903,-0.316280	1.653430,-0.137182,0.093602	1.595653,-0.367368,0.184525	1.516503,-0.380965,0.471955	1.646335,0.182790,0.098911	1.658633,0.426895,0.168572	1.637009,0.514484,0.453047	12
1.675368,0.017222,0.257764	1.643905,0.021730,0.153057	0.000000,0.000000,0.000000	1.628283,0.020983,0.078119	1.582677,0.018802,-0.140648	1.523409,0.016903,-0.316230	1.653408,-0.137065,0.093428	1.595703,-0.367211,0.184498	1.516431,-0.381018,0.472035	1.646331,0.182497,0.098199	1.658511,0.426454,0.168397	1.636676,0.514632,0.452825	12
1.675374,0.017222,0.257759	1.643880,0.021730,0.153058	0.000000,0.000000,0.000000	1.628264,0.020984,0.078119	1.582687,0.018805,-0.140598	1.523422,0.016903,-0.316191	1.653391,-0.136934,0.093117	1.595772,-0.367001,0.184443	1.516424,-0.381093,0.471991	1.646327,0.182175,0.097305	1.658468,0.425956,0.168117	1.636651,0.514775,0.452395	12
1.675500,0.017201,0.257644	1.643870,0.021730,0.153058	0.000000,0.000000,0.000000	1.628283,0.020974,0.078113	1.582804,0.018769,-0.140559	1.523535,0.016868,-0.316157	1.653421,-0.136692,0.092452	1.595881,-0.366583,0.184269	1.516351,-0.381248,0.471588	1.646516,0.181904,0.096497	1.658461,0.425560,0.167771	1.636660,0.514870,0.451744	12
