joint_position_head	joint_position_neck	joint_position_shoulder	joint_position_spine_top	joint_position_spine_mid	joint_position_spine_bottom	joint_position_left_shoulder	joint_position_left_elbow	joint_position_left_hand	joint_position_right_shoulder	joint_position_right_elbow	joint_position_right_hand	
XYZ order
1.619714,0.022017,0.346827	1.598758,0.023781,0.243711	0.000000,0.000000,0.000000	1.591423,0.023240,0.167513	1.569973,0.021661,-0.055307	1.522650,0.021293,-0.225520	1.615110,-0.137763,0.174612	1.555679,-0.373701,0.248047	1.455717,-0.385016,0.523699	1.612614,0.187469,0.179265	1.626657,0.435105,0.234678	1.581650,0.542651,0.503959	12
1.620002,0.022027,0.346711	1.598810,0.023780,0.243783	0.000000,0.000000,0.000000	1.591463,0.023248,0.167585	1.569941,0.021691,-0.055640	1.522073,0.021339,-0.227552	1.614821,-0.137753,0.174741	1.556035,-0.373869,0.248118	1.455592,-0.384897,0.523920	1.613168,0.187549,0.179824	1.627209,0.435327,0.234594	1.581559,0.542667,0.504170	12
1.620097,0.022063,0.347136	1.598862,0.023779,0.243952	0.000000,0.000000,0.000000	1.591478,0.023293,0.167757	1.569812,0.021865,-0.055818	1.521306,0.021438,-0.229084	1.614640,-0.138017,0.175708	1.556225,-0.374481,0.248254	1.455430,-0.384671,0.524318	1.613331,0.187786,0.180878	1.627737,0.435730,0.234789	1.581326,0.542796,0.504711	12
1.620000,0.022106,0.348637	1.598911,0.023779,0.244634	0.000000,0.000000,0.000000	1.591463,0.023387,0.168445	1.569578,0.022233,-0.055412	1.520406,0.021611,-0.229706	1.614404,-0.138343,0.177490	1.556329,-0.375387,0.248387	1.455251,-0.384362,0.524710	1.613375,0.188656,0.184347	1.628021,0.437188,0.235355	1.580924,0.542995,0.505980	12
1.619879,0.022140,0.352269	1.598958,0.023779,0.246975	0.000000,0.000000,0.000000	1.591421,0.023495,0.170795	1.569278,0.022659,-0.053047	1.519511,0.021809,-0.228118	1.614109,-0.138745,0.181396	1.556052,-0.376885,0.248466	1.455149,-0.384008,0.525143	1.613377,0.189664,0.190310	1.628130,0.439124,0.236405	1.580429,0.543104,0.507873	12
1.619920,0.022137,0.357825	1.598991,0.023780,0.251281	0.000000,0.000000,0.000000	1.591405,0.023589,0.175105	1.569140,0.023027,-0.048488	1.519714,0.021981,-0.222327	1.613082,-0.138252,0.184831	1.556068,-0.377456,0.248962	1.454786,-0.384015,0.525769	1.612976,0.189438,0.194450	1.628015,0.439338,0.238136	1.580071,0.543074,0.509914	12
1.620114,0.022109,0.364223	1.598983,0.023780,0.256853	0.000000,0.000000,0.000000	1.591390,0.023667,0.180677	1.569137,0.023337,-0.042576	1.520623,0.022129,-0.214498	1.612155,-0.137303,0.188225	1.556183,-0.377295,0.250351	1.453916,-0.384331,0.527194	1.612192,0.188503,0.197519	1.627759,0.438388,0.241187	1.579680,0.542855,0.513078	12
1.620325,0.022076,0.370035	1.598934,0.023780,0.262342	0.000000,0.000000,0.000000	1.591336,0.023737,0.186167	1.569115,0.023610,-0.036611	1.521558,0.022259,-0.206529	1.611339,-0.136812,0.192360	1.556150,-0.377288,0.253344	1.452264,-0.384637,0.530082	1.611187,0.187565,0.200224	1.627370,0.436745,0.247418	1.578886,0.542740,0.519159	12
1.620082,0.022049,0.374960	1.598863,0.023780,0.267424	0.000000,0.000000,0.000000	1.591130,0.023816,0.191263	1.568568,0.023921,-0.030958	1.521700,0.022399,-0.201101	1.610642,-0.136157,0.195663	1.556244,-0.376396,0.258250	1.449731,-0.385382,0.533987	1.610270,0.187174,0.203874	1.626907,0.435440,0.255442	1.576987,0.543382,0.526209	12
1.619376,0.022039,0.378670	1.598782,0.023780,0.271689	0.000000,0.000000,0.000000	1.590840,0.023884,0.195550	1.567715,0.024185,-0.026149	1.521530,0.022503,-0.197568	1.609990,-0.135674,0.198416	1.556339,-0.375386,0.263577	1.447027,-0.386099,0.537675	1.609226,0.186787,0.206579	1.626354,0.434478,0.260785	1.573888,0.544136,0.529887	12
1.618400,0.022053,0.381228	1.598699,0.023780,0.275056	0.000000,0.000000,0.000000	1.590512,0.023945,0.198943	1.566708,0.024422,-0.022345	1.521200,0.022585,-0.195345	1.609411,-0.135630,0.201189	1.556181,-0.375410,0.266470	1.445517,-0.386183,0.539421	1.608153,0.186574,0.208791	1.625668,0.434173,0.263373	1.569576,0.544335,0.530909	12
1.617077,0.022081,0.382621	1.598608,0.023780,0.277244	0.000000,0.000000,0.000000	1.590156,0.023999,0.201159	1.565603,0.024633,-0.019862	1.520763,0.022649,-0.194377	1.608860,-0.135720,0.203125	1.555939,-0.375655,0.268098	1.444528,-0.386075,0.540240	1.607018,0.186642,0.210576	1.624861,0.434358,0.264529	1.564522,0.544231,0.530718	12
1.615550,0.022196,0.383151	1.598513,0.023780,0.278375	0.000000,0.000000,0.000000	1.589792,0.024047,0.202321	1.564465,0.024823,-0.018547	1.520271,0.022683,-0.194364	1.608371,-0.135624,0.203652	1.555769,-0.375460,0.269251	1.443645,-0.386132,0.540755	1.605900,0.186864,0.211740	1.623990,0.434827,0.264455	1.561627,0.544054,0.530117	12
1.613994,0.022378,0.383278	1.598420,0.023781,0.278847	0.000000,0.000000,0.000000	1.589504,0.024107,0.202815	1.563614,0.025055,-0.017975	1.519842,0.022705,-0.194807	1.607818,-0.135489,0.203473	1.555616,-0.375276,0.269566	1.443096,-0.386145,0.540651	1.604842,0.187204,0.212602	1.622974,0.435407,0.264153	1.560637,0.544084,0.529801	12
1.612510,0.022523,0.383253	1.598327,0.023781,0.278977	0.000000,0.000000,0.000000	1.589264,0.024170,0.202963	1.562943,0.025302,-0.017778	1.519475,0.022721,-0.195392	1.607236,-0.135471,0.203228	1.555441,-0.375293,0.269519	1.442678,-0.386095,0.540407	1.603906,0.187517,0.213114	1.621972,0.435965,0.263496	1.560661,0.544122,0.529493	12
1.611457,0.022613,0.383161	1.598239,0.023781,0.278962	0.000000,0.000000,0.000000	1.589082,0.024215,0.202959	1.562489,0.025477,-0.017749	1.519218,0.022732,-0.195955	1.607149,-0.135478,0.202960	1.555198,-0.375295,0.269143	1.442355,-0.386058,0.540058	1.603522,0.187625,0.213031	1.620952,0.436256,0.262728	1.560991,0.544168,0.529192	12
1.610846,0.022661,0.383055	1.598151,0.023781,0.278906	0.000000,0.000000,0.000000	1.588921,0.024249,0.202913	1.562114,0.025607,-0.017769	1.519014,0.022743,-0.196437	1.607300,-0.135539,0.202802	1.554745,-0.375293,0.268729	1.442032,-0.386038,0.539811	1.603422,0.187732,0.212944	1.619982,0.436484,0.262333	1.561280,0.544239,0.529254	12
1.610546,0.022687,0.382959	1.598059,0.023781,0.278852	0.000000,0.000000,0.000000	1.588754,0.024276,0.202869	1.561732,0.025711,-0.017792	1.518845,0.022753,-0.196837	1.607308,-0.135620,0.202694	1.554222,-0.375375,0.268191	1.441732,-0.385977,0.539414	1.603235,0.187843,0.212885	1.619418,0.436569,0.262529	1.561371,0.544434,0.529594	12
1.610424,0.022698,0.382883	1.597967,0.023782,0.278814	0.000000,0.000000,0.000000	1.588624,0.024291,0.202835	1.561491,0.025769,-0.017820	1.518696,0.022766,-0.197144	1.607242,-0.135706,0.202624	1.553659,-0.375486,0.267626	1.441426,-0.385900,0.538871	1.603161,0.187944,0.212850	1.619253,0.436565,0.263046	1.561318,0.544650,0.529954	12
1.610392,0.022702,0.382827	1.597877,0.023782,0.278791	0.000000,0.000000,0.000000	1.588528,0.024295,0.202813	1.561374,0.025786,-0.017849	1.518542,0.022774,-0.197366	1.607228,-0.135785,0.202580	1.553114,-0.375633,0.266886	1.441156,-0.385797,0.538035	1.603123,0.188019,0.212792	1.619284,0.436504,0.263634	1.561217,0.544813,0.530200	12
1.610396,0.022702,0.382785	1.597790,0.023782,0.278779	0.000000,0.000000,0.000000	1.588451,0.024296,0.202799	1.561327,0.025790,-0.017873	1.518361,0.022781,-0.197520	1.607215,-0.135856,0.202547	1.552597,-0.375776,0.266156	1.440912,-0.385700,0.537144	1.603089,0.188090,0.212754	1.619439,0.436469,0.264050	1.561155,0.544872,0.530241	12
1.610409,0.022699,0.382755	1.597703,0.023782,0.278773	0.000000,0.000000,0.000000	1.588383,0.024296,0.202791	1.561315,0.025788,-0.017894	1.518221,0.022785,-0.197639	1.607202,-0.135919,0.202522	1.552107,-0.375917,0.265422	1.440676,-0.385614,0.536292	1.603056,0.188153,0.212723	1.619599,0.436526,0.263989	1.561195,0.544752,0.529992	12
1.610421,0.022694,0.382732	1.597617,0.023782,0.278771	0.000000,0.000000,0.000000	1.588320,0.024295,0.202787	1.561316,0.025785,-0.017910	1.518112,0.022787,-0.197733	1.607198,-0.135975,0.202500	1.551664,-0.375932,0.265172	1.440127,-0.385605,0.535810	1.603043,0.188209,0.212695	1.619676,0.436585,0.263916	1.561249,0.544650,0.529787	12
1.610429,0.022691,0.382716	1.597532,0.023782,0.278771	0.000000,0.000000,0.000000	1.588257,0.024294,0.202784	1.561319,0.025782,-0.017924	1.518060,0.022785,-0.197817	1.607198,-0.136025,0.202481	1.551511,-0.375928,0.265228	1.439302,-0.385616,0.535444	1.603205,0.188253,0.212670	1.619722,0.436649,0.263835	1.561308,0.544565,0.529624	12
1.610435,0.022688,0.382703	1.597450,0.023783,0.278771	0.000000,0.000000,0.000000	1.588197,0.024294,0.202781	1.561320,0.025780,-0.017937	1.518074,0.022779,-0.197898	1.607200,-0.136070,0.202462	1.551518,-0.375914,0.265438	1.438419,-0.385642,0.535178	1.603266,0.188297,0.212648	1.619737,0.436708,0.263756	1.561368,0.544505,0.529499	12
1.610443,0.022687,0.382692	1.597375,0.023783,0.278772	0.000000,0.000000,0.000000	1.588141,0.024294,0.202779	1.561320,0.025779,-0.017947	1.518119,0.022772,-0.197972	1.607203,-0.136113,0.202447	1.551534,-0.375876,0.265739	1.437484,-0.385685,0.535008	1.603291,0.188338,0.212627	1.619743,0.436761,0.263681	1.561420,0.544459,0.529406	12
1.610453,0.022686,0.382689	1.597352,0.023783,0.278772	0.000000,0.000000,0.000000	1.588124,0.024294,0.202779	1.561322,0.025778,-0.017950	1.518148,0.022765,-0.198025	1.607207,-0.136154,0.202433	1.551522,-0.375861,0.265922	1.436615,-0.385715,0.534791	1.603557,0.188370,0.212611	1.619741,0.436824,0.263598	1.561443,0.544420,0.529335	12
1.610463,0.022686,0.382689	1.597352,0.023783,0.278772	0.000000,0.000000,0.000000	1.588124,0.024294,0.202779	1.561323,0.025778,-0.017951	1.518161,0.022760,-0.198063	1.607209,-0.136195,0.202420	1.551494,-0.375861,0.266037	1.436098,-0.385743,0.534684	1.603665,0.188405,0.212595	1.619741,0.436879,0.263519	1.561440,0.544393,0.529275	12
1.610474,0.022686,0.382689	1.597357,0.023783,0.278772	0.000000,0.000000,0.000000	1.588129,0.024294,0.202779	1.561324,0.025778,-0.017951	1.518163,0.022756,-0.198090	1.607211,-0.136232,0.202409	1.551452,-0.375865,0.266114	1.435691,-0.385774,0.534593	1.603682,0.188441,0.212580	1.619742,0.436918,0.263496	1.561416,0.544395,0.529252	12
1.610484,0.022686,0.382689	1.597363,0.023784,0.278772	0.000000,0.000000,0.000000	1.588134,0.024294,0.202780	1.561324,0.025778,-0.017950	1.518160,0.022753,-0.198110	1.607213,-0.136267,0.202398	1.551402,-0.375864,0.266192	1.435614,-0.385815,0.534643	1.603660,0.188476,0.212566	1.619747,0.436946,0.263504	1.561373,0.544424,0.529234	12
