joint_position_head	joint_position_neck	joint_position_shoulder	joint_position_spine_top	joint_position_spine_mid	joint_position_spine_bottom	joint_position_left_shoulder	joint_position_left_elbow	joint_position_left_hand	joint_position_right_shoulder	joint_position_right_elbow	joint_position_right_hand	
XYZ order
1.626187,0.002461,0.256709	1.595418,0.002412,0.150991	0.000000,0.000000,0.000000	1.584788,-0.000238,0.080775	1.552829,-0.008209,-0.130383	1.500473,-0.010863,-0.280399	1.574346,-0.133829,0.075112	1.486145,-0.229769,-0.110045	1.231245,-0.142217,-0.147905	1.580096,0.136400,0.069901	1.487187,0.226045,-0.115093	1.238548,0.125660,-0.158103	12
1.627953,0.002392,0.256890	1.598816,0.001985,0.149996	0.000000,0.000000,0.000000	1.587500,-0.000590,0.079883	1.553691,-0.008285,-0.129637	1.507816,-0.010865,-0.281778	1.580819,-0.135071,0.074930	1.478542,-0.237890,-0.100777	1.219004,-0.161479,-0.096769	1.585573,0.136665,0.069776	1.479481,0.243370,-0.100565	1.231419,0.132063,-0.108263	12
1.629929,0.002320,0.257199	1.601501,0.001551,0.149494	0.000000,0.000000,0.000000	1.589777,-0.000966,0.079444	1.555095,-0.008414,-0.127781	1.518173,-0.010889,-0.282609	1.587552,-0.136185,0.074947	1.450598,-0.239129,-0.073317	1.190062,-0.165558,-0.042543	1.591362,0.136734,0.069782	1.470834,0.263477,-0.077205	1.224282,0.146191,-0.059362	12
1.632203,0.002246,0.257401	1.603533,0.001083,0.149226	0.000000,0.000000,0.000000	1.591634,-0.001375,0.079204	1.556542,-0.008622,-0.127258	1.525433,-0.010948,-0.284219	1.591410,-0.137063,0.075127	1.415745,-0.229311,-0.031949	1.153814,-0.176031,0.008713	1.597214,0.136659,0.069875	1.441315,0.260066,-0.039944	1.189516,0.167083,-0.007830	12
1.634570,0.002149,0.256371	1.605196,0.000576,0.149110	0.000000,0.000000,0.000000	1.593176,-0.001807,0.079105	1.557715,-0.008836,-0.127355	1.528094,-0.011027,-0.285592	1.594038,-0.137899,0.075447	1.387740,-0.213384,0.022281	1.123895,-0.197302,0.055876	1.602718,0.136444,0.070048	1.411426,0.241920,0.015919	1.151962,0.192038,0.041005	12
1.636981,0.002040,0.254850	1.606627,0.000077,0.149073	0.000000,0.000000,0.000000	1.594583,-0.002210,0.079070	1.558995,-0.008963,-0.127742	1.528069,-0.011094,-0.286380	1.596218,-0.138705,0.075802	1.374654,-0.204442,0.044547	1.121800,-0.226485,0.110793	1.605083,0.136167,0.070253	1.397392,0.235371,0.065558	1.134779,0.220445,0.087734	12
1.638842,0.001926,0.253459	1.608036,-0.000396,0.149074	0.000000,0.000000,0.000000	1.596049,-0.002576,0.079059	1.560562,-0.009027,-0.128216	1.526753,-0.011148,-0.286402	1.599675,-0.139543,0.076140	1.375603,-0.213774,0.057444	1.143354,-0.258896,0.165485	1.606049,0.136001,0.070683	1.462448,0.297859,0.075431	1.210244,0.254693,0.121119	12
1.640371,0.001808,0.252326	1.609487,-0.000853,0.149088	0.000000,0.000000,0.000000	1.597651,-0.002920,0.079044	1.562546,-0.009052,-0.128703	1.525203,-0.011179,-0.285931	1.604010,-0.140392,0.076543	1.459067,-0.291858,0.078694	1.229669,-0.282944,0.191746	1.606430,0.135995,0.071428	1.510540,0.337453,0.084226	1.269310,0.285417,0.164700	12
1.641655,0.001687,0.251475	1.610986,-0.001311,0.149102	0.000000,0.000000,0.000000	1.599414,-0.003262,0.079011	1.565041,-0.009059,-0.129193	1.524110,-0.011191,-0.285299	1.607874,-0.141170,0.077015	1.515829,-0.338899,0.099726	1.293782,-0.297866,0.225233	1.606668,0.136368,0.072996	1.541014,0.357639,0.100980	1.310476,0.301545,0.209046	12
1.643043,0.001559,0.250782	1.612499,-0.001799,0.149112	0.000000,0.000000,0.000000	1.601486,-0.003626,0.078929	1.568735,-0.009059,-0.129794	1.523517,-0.011191,-0.284599	1.610709,-0.141829,0.077592	1.546511,-0.359884,0.123336	1.333408,-0.304600,0.261672	1.606939,0.137507,0.076469	1.561973,0.365820,0.122646	1.342535,0.307166,0.250897	12
1.644743,0.001428,0.250173	1.614078,-0.002267,0.149118	0.000000,0.000000,0.000000	1.603827,-0.003975,0.078818	1.573314,-0.009060,-0.130441	1.523277,-0.011185,-0.283886	1.614094,-0.142376,0.078463	1.561538,-0.363874,0.147657	1.358788,-0.303648,0.301038	1.607639,0.139115,0.081521	1.579757,0.368931,0.140580	1.376543,0.308012,0.292622	12
1.646961,0.001308,0.249562	1.615752,-0.002562,0.149122	0.000000,0.000000,0.000000	1.605981,-0.004196,0.078749	1.576877,-0.009060,-0.130866	1.523214,-0.011179,-0.283437	1.617644,-0.143311,0.080982	1.569604,-0.359457,0.172015	1.383284,-0.290246,0.341680	1.609643,0.140656,0.086734	1.591852,0.366642,0.161761	1.407535,0.302577,0.335330	12
1.649565,0.001190,0.248871	1.617276,-0.002755,0.149123	0.000000,0.000000,0.000000	1.607737,-0.004340,0.078716	1.579309,-0.009061,-0.131110	1.523260,-0.011176,-0.283277	1.621342,-0.145191,0.086341	1.576903,-0.354063,0.194090	1.414045,-0.268365,0.377720	1.614622,0.141522,0.090545	1.600881,0.360848,0.181984	1.438332,0.288856,0.372388	12
1.652542,0.001064,0.248042	1.618598,-0.002942,0.149124	0.000000,0.000000,0.000000	1.609047,-0.004478,0.078717	1.580866,-0.009013,-0.129030	1.524135,-0.011150,-0.281389	1.623225,-0.147153,0.092199	1.589024,-0.351717,0.209856	1.450555,-0.248510,0.404416	1.620640,0.141364,0.092154	1.610735,0.354546,0.196172	1.476144,0.274037,0.403988	12
1.655720,0.000938,0.247136	1.619831,-0.003066,0.149125	0.000000,0.000000,0.000000	1.610084,-0.004574,0.078745	1.581698,-0.008968,-0.126276	1.526185,-0.011124,-0.279478	1.624754,-0.148415,0.096611	1.602564,-0.348250,0.223164	1.484080,-0.230900,0.425217	1.624778,0.140927,0.092907	1.620771,0.347568,0.208632	1.512673,0.263733,0.431911	12
1.659103,0.000819,0.246281	1.621157,-0.003138,0.149216	0.000000,0.000000,0.000000	1.611040,-0.004641,0.078890	1.581954,-0.008963,-0.123399	1.529869,-0.011121,-0.278130	1.626300,-0.149180,0.100018	1.611886,-0.343812,0.234499	1.516140,-0.212222,0.442033	1.628563,0.140390,0.093339	1.629662,0.339012,0.221625	1.544477,0.253341,0.456344	12
1.662823,0.000708,0.245448	1.622690,-0.003171,0.149399	0.000000,0.000000,0.000000	1.612068,-0.004686,0.079148	1.581893,-0.008991,-0.120516	1.536448,-0.011141,-0.277475	1.628513,-0.149832,0.103559	1.616673,-0.339047,0.245165	1.549332,-0.192984,0.455861	1.632237,0.139821,0.093672	1.637771,0.330681,0.232841	1.574425,0.238206,0.473882	12
1.665965,0.000622,0.245081	1.624615,-0.003183,0.149643	0.000000,0.000000,0.000000	1.613384,-0.004721,0.079488	1.581439,-0.009095,-0.120021	1.544315,-0.011207,-0.279072	1.632280,-0.150038,0.106119	1.617552,-0.331363,0.256814	1.582005,-0.173378,0.469275	1.635671,0.139319,0.094075	1.646466,0.323984,0.241022	1.602785,0.224056,0.485996	12
1.668975,0.000583,0.245315	1.627736,-0.003185,0.149914	0.000000,0.000000,0.000000	1.615739,-0.004743,0.079886	1.581393,-0.009200,-0.120496	1.551610,-0.011270,-0.280900	1.638721,-0.150191,0.109248	1.616034,-0.322495,0.268777	1.611802,-0.154481,0.476617	1.638931,0.138929,0.094529	1.654281,0.315934,0.250097	1.629785,0.204948,0.492726	12
1.672465,0.000579,0.245850	1.632000,-0.003183,0.150195	0.000000,0.000000,0.000000	1.619096,-0.004754,0.080330	1.581861,-0.009284,-0.121131	1.556170,-0.011318,-0.281859	1.642423,-0.150435,0.111977	1.614719,-0.315274,0.278499	1.639895,-0.138808,0.476670	1.641892,0.139042,0.096132	1.663291,0.309009,0.258619	1.652297,0.188500,0.496514	12
1.675449,0.000605,0.246810	1.636812,-0.003180,0.150478	0.000000,0.000000,0.000000	1.623402,-0.004768,0.080705	1.584439,-0.009381,-0.121947	1.558786,-0.011363,-0.282038	1.645057,-0.150985,0.116229	1.613987,-0.307983,0.289651	1.663607,-0.123684,0.478003	1.646689,0.139780,0.099984	1.671272,0.301168,0.270489	1.671201,0.166129,0.501782	12
1.677601,0.000650,0.247989	1.641341,-0.003166,0.150795	0.000000,0.000000,0.000000	1.628454,-0.004778,0.080927	1.590804,-0.009487,-0.123236	1.560654,-0.011387,-0.281862	1.646155,-0.151521,0.121307	1.614805,-0.299107,0.302717	1.683116,-0.108231,0.480054	1.650078,0.141088,0.105982	1.679167,0.296309,0.281486	1.684601,0.145817,0.503885	12
1.678932,0.000698,0.249071	1.644836,-0.003138,0.151126	0.000000,0.000000,0.000000	1.633568,-0.004785,0.080995	1.600503,-0.009621,-0.124918	1.562996,-0.011397,-0.281536	1.646555,-0.151655,0.125227	1.618070,-0.288148,0.315472	1.695041,-0.090362,0.480654	1.653840,0.142274,0.112570	1.685511,0.293822,0.290871	1.695077,0.124367,0.497827	12
1.679533,0.000787,0.251190	1.647279,-0.003102,0.151632	0.000000,0.000000,0.000000	1.638185,-0.004785,0.081199	1.611401,-0.009746,-0.126363	1.566199,-0.011386,-0.280961	1.646528,-0.151479,0.128127	1.624414,-0.275156,0.327623	1.704299,-0.069747,0.478179	1.658745,0.142931,0.118634	1.689012,0.293242,0.298189	1.707796,0.109323,0.489282	12
1.679421,0.000883,0.253489	1.648728,-0.003065,0.152250	0.000000,0.000000,0.000000	1.641592,-0.004786,0.081585	1.620509,-0.009872,-0.127251	1.568973,-0.011368,-0.280101	1.646330,-0.151239,0.131122	1.635780,-0.262869,0.338453	1.716036,-0.050404,0.474355	1.661020,0.142894,0.121458	1.691931,0.291373,0.302357	1.716442,0.101695,0.484886	12
1.678703,0.000974,0.255708	1.649449,-0.003026,0.153099	0.000000,0.000000,0.000000	1.643273,-0.004772,0.082324	1.624975,-0.009943,-0.127291	1.570654,-0.011338,-0.279345	1.646099,-0.150832,0.133158	1.646461,-0.253780,0.345438	1.726791,-0.035010,0.469036	1.661551,0.142527,0.122712	1.694285,0.289663,0.304321	1.724234,0.096649,0.481634	12
1.677548,0.001055,0.257687	1.649747,-0.002989,0.154144	0.000000,0.000000,0.000000	1.643861,-0.004748,0.083335	1.626390,-0.009968,-0.126731	1.571502,-0.011298,-0.278546	1.645974,-0.150283,0.134012	1.652278,-0.249944,0.348053	1.731975,-0.028974,0.466984	1.661541,0.141986,0.123190	1.695840,0.287983,0.305384	1.731296,0.092033,0.477599	12
1.675906,0.001126,0.259401	1.649867,-0.002951,0.155315	0.000000,0.000000,0.000000	1.643922,-0.004718,0.084511	1.626251,-0.009965,-0.125817	1.571977,-0.011252,-0.277677	1.645927,-0.149692,0.134301	1.654652,-0.248851,0.348546	1.734487,-0.029612,0.467447	1.661366,0.141394,0.123346	1.696583,0.287266,0.305440	1.733818,0.089967,0.473607	12
1.674311,0.001182,0.260729	1.649940,-0.002914,0.156523	0.000000,0.000000,0.000000	1.643790,-0.004683,0.085739	1.625495,-0.009943,-0.124747	1.572350,-0.011205,-0.276741	1.645926,-0.149114,0.134331	1.655450,-0.248581,0.348328	1.734704,-0.031698,0.467487	1.661180,0.140827,0.123432	1.696566,0.286613,0.305546	1.734217,0.088563,0.469579	12
