joint_position_head	joint_position_neck	joint_position_shoulder	joint_position_spine_top	joint_position_spine_mid	joint_position_spine_bottom	joint_position_left_shoulder	joint_position_left_elbow	joint_position_left_hand	joint_position_right_shoulder	joint_position_right_elbow	joint_position_right_hand	
XYZ order
1.728183,0.012750,0.306764	1.702498,0.012102,0.204181	0.000000,0.000000,0.000000	1.685617,0.011066,0.133684	1.636060,0.008024,-0.073272	1.557743,0.005529,-0.225839	1.675258,-0.121283,0.125790	1.551811,-0.139380,-0.080304	1.315363,-0.067858,-0.154929	1.687145,0.145044,0.121902	1.566209,0.166108,-0.085386	1.290398,0.053660,-0.141793	12
1.728174,0.012750,0.306765	1.702494,0.012102,0.204181	0.000000,0.000000,0.000000	1.685614,0.011069,0.133684	1.636058,0.008035,-0.073282	1.557859,0.005529,-0.225933	1.676125,-0.121415,0.125709	1.552098,-0.139369,-0.080183	1.316981,-0.068294,-0.154402	1.687144,0.145049,0.121899	1.567072,0.169129,-0.085694	1.293980,0.053480,-0.140270	12
1.728166,0.012751,0.306765	1.702489,0.012103,0.204181	0.000000,0.000000,0.000000	1.685610,0.011072,0.133683	1.636056,0.008047,-0.073291	1.557997,0.005529,-0.226009	1.676993,-0.121544,0.125630	1.552101,-0.139349,-0.079984	1.317799,-0.068452,-0.154174	1.687143,0.145053,0.121896	1.568314,0.170334,-0.086508	1.294910,0.053662,-0.139326	12
1.728161,0.012752,0.306765	1.702484,0.012103,0.204181	0.000000,0.000000,0.000000	1.685606,0.011076,0.133683	1.636054,0.008059,-0.073298	1.558097,0.005529,-0.226048	1.677818,-0.121662,0.125558	1.551881,-0.139328,-0.079768	1.317931,-0.068391,-0.154199	1.687143,0.145057,0.121894	1.569855,0.170436,-0.087703	1.295473,0.054363,-0.138593	12
1.728157,0.012753,0.306765	1.702480,0.012104,0.204181	0.000000,0.000000,0.000000	1.685604,0.011079,0.133683	1.636052,0.008071,-0.073303	1.558223,0.005530,-0.226083	1.678717,-0.121784,0.125482	1.551765,-0.139319,-0.079639	1.318288,-0.068460,-0.154125	1.687142,0.145060,0.121891	1.570499,0.169598,-0.088565	1.295129,0.054738,-0.138732	12
1.728154,0.012754,0.306765	1.702478,0.012104,0.204181	0.000000,0.000000,0.000000	1.685602,0.011082,0.133683	1.636051,0.008084,-0.073308	1.558358,0.005531,-0.226110	1.679623,-0.121903,0.125409	1.551733,-0.139319,-0.079589	1.319352,-0.068833,-0.153825	1.687142,0.145063,0.121890	1.570581,0.167864,-0.089239	1.295062,0.055697,-0.138499	12
1.728151,0.012755,0.306765	1.702477,0.012104,0.204181	0.000000,0.000000,0.000000	1.685602,0.011086,0.133683	1.636051,0.008096,-0.073311	1.558503,0.005532,-0.226130	1.680525,-0.122016,0.125338	1.551760,-0.139331,-0.079586	1.318851,-0.068858,-0.154058	1.687142,0.145066,0.121888	1.569563,0.165834,-0.089334	1.291173,0.054672,-0.139583	12
1.728149,0.012756,0.306765	1.702477,0.012105,0.204181	0.000000,0.000000,0.000000	1.685601,0.011089,0.133683	1.636050,0.008108,-0.073315	1.558616,0.005534,-0.226131	1.681369,-0.122117,0.125275	1.551897,-0.139368,-0.079658	1.317765,-0.068611,-0.154410	1.687142,0.145068,0.121887	1.568890,0.164412,-0.089534	1.289352,0.054149,-0.139711	12
1.728147,0.012758,0.306765	1.702477,0.012105,0.204181	0.000000,0.000000,0.000000	1.685602,0.011093,0.133683	1.636051,0.008122,-0.073318	1.558745,0.005536,-0.226134	1.682214,-0.122213,0.125215	1.552101,-0.139434,-0.079737	1.319028,-0.069018,-0.153965	1.687141,0.145070,0.121885	1.568639,0.163098,-0.089923	1.291507,0.055557,-0.139106	12
1.728145,0.012762,0.306765	1.702477,0.012106,0.204180	0.000000,0.000000,0.000000	1.685602,0.011096,0.133683	1.636052,0.008132,-0.073321	1.558879,0.005537,-0.226136	1.683022,-0.122302,0.125159	1.552314,-0.139502,-0.079812	1.321258,-0.069688,-0.153197	1.687141,0.145072,0.121884	1.568675,0.161414,-0.090464	1.292842,0.057081,-0.138788	12
1.728142,0.012767,0.306766	1.702477,0.012107,0.204180	0.000000,0.000000,0.000000	1.685603,0.011099,0.133683	1.636053,0.008139,-0.073325	1.559022,0.005538,-0.226137	1.683771,-0.122380,0.125109	1.552584,-0.139578,-0.079924	1.323609,-0.070336,-0.152394	1.687141,0.145074,0.121883	1.568965,0.160921,-0.091021	1.295060,0.057586,-0.138423	12
1.728138,0.012773,0.306766	1.702477,0.012107,0.204180	0.000000,0.000000,0.000000	1.685603,0.011102,0.133683	1.636054,0.008149,-0.073329	1.559169,0.005540,-0.226136	1.684062,-0.122409,0.125088	1.552634,-0.139611,-0.080100	1.325421,-0.070925,-0.151773	1.687141,0.145077,0.121883	1.569315,0.161087,-0.091501	1.296556,0.058536,-0.138204	12
1.728135,0.012781,0.306766	1.702477,0.012108,0.204180	0.000000,0.000000,0.000000	1.685603,0.011105,0.133683	1.636054,0.008157,-0.073333	1.559358,0.005541,-0.226148	1.684221,-0.122424,0.125075	1.552530,-0.139588,-0.080221	1.326741,-0.071342,-0.151332	1.687141,0.145079,0.121883	1.569679,0.161517,-0.091931	1.297704,0.059680,-0.138418	12
1.728131,0.012791,0.306767	1.702477,0.012109,0.204180	0.000000,0.000000,0.000000	1.685604,0.011107,0.133683	1.636054,0.008164,-0.073337	1.559559,0.005541,-0.226157	1.684324,-0.122433,0.125066	1.552371,-0.139532,-0.080318	1.327731,-0.071658,-0.150988	1.687141,0.145082,0.121883	1.569810,0.162011,-0.092206	1.298367,0.061207,-0.139718	12
1.728128,0.012800,0.306767	1.702477,0.012110,0.204180	0.000000,0.000000,0.000000	1.685604,0.011109,0.133683	1.636054,0.008170,-0.073342	1.559761,0.005542,-0.226161	1.684403,-0.122439,0.125059	1.552260,-0.139515,-0.080431	1.328581,-0.071920,-0.150695	1.687141,0.145085,0.121882	1.569881,0.162178,-0.092449	1.298747,0.063145,-0.141373	12
1.728124,0.012811,0.306768	1.702477,0.012112,0.204180	0.000000,0.000000,0.000000	1.685604,0.011112,0.133683	1.636054,0.008175,-0.073346	1.559869,0.005544,-0.226126	1.684469,-0.122444,0.125052	1.552181,-0.139530,-0.080534	1.329372,-0.072143,-0.150426	1.687141,0.145088,0.121882	1.569947,0.162175,-0.092667	1.299187,0.064917,-0.142760	12
1.728119,0.012822,0.306769	1.702477,0.012113,0.204180	0.000000,0.000000,0.000000	1.685604,0.011115,0.133683	1.636054,0.008183,-0.073350	1.559942,0.005546,-0.226086	1.684544,-0.122450,0.125044	1.552159,-0.139572,-0.080599	1.327667,-0.071566,-0.150988	1.687143,0.145091,0.121882	1.569936,0.161908,-0.092798	1.295771,0.065930,-0.147783	12
1.728115,0.012833,0.306769	1.702477,0.012114,0.204180	0.000000,0.000000,0.000000	1.685605,0.011118,0.133683	1.636054,0.008193,-0.073353	1.559982,0.005548,-0.226043	1.684629,-0.122456,0.125037	1.552248,-0.139651,-0.080642	1.325107,-0.070750,-0.151852	1.687147,0.145094,0.121882	1.569929,0.161767,-0.092841	1.293830,0.066995,-0.154539	12
1.728110,0.012844,0.306770	1.702477,0.012116,0.204180	0.000000,0.000000,0.000000	1.685605,0.011129,0.133683	1.636053,0.008232,-0.073357	1.560003,0.005556,-0.226003	1.684731,-0.122464,0.125028	1.552313,-0.139721,-0.080635	1.322408,-0.070024,-0.152686	1.687152,0.145097,0.121883	1.569927,0.161794,-0.092848	1.291574,0.066710,-0.154548	12
1.728106,0.012855,0.306771	1.702477,0.012117,0.204180	0.000000,0.000000,0.000000	1.685605,0.011145,0.133683	1.636053,0.008291,-0.073361	1.560016,0.005570,-0.225970	1.684764,-0.122466,0.125023	1.552331,-0.139702,-0.080644	1.319921,-0.069457,-0.153388	1.687156,0.145101,0.121883	1.569926,0.161897,-0.092848	1.290325,0.064283,-0.153643	12
1.728101,0.012865,0.306772	1.702477,0.012118,0.204180	0.000000,0.000000,0.000000	1.685605,0.011162,0.133683	1.636052,0.008354,-0.073365	1.560026,0.005584,-0.225944	1.684761,-0.122464,0.125020	1.552311,-0.139698,-0.080650	1.317828,-0.068949,-0.153862	1.687160,0.145104,0.121884	1.570052,0.162003,-0.092920	1.289907,0.060891,-0.152222	12
1.728085,0.013027,0.306774	1.702477,0.012120,0.204180	0.000000,0.000000,0.000000	1.685705,0.011179,0.133659	1.636447,0.008416,-0.073452	1.561379,0.005596,-0.226347	1.684703,-0.122573,0.125242	1.552313,-0.139688,-0.080579	1.318543,-0.069430,-0.153360	1.687651,0.145207,0.121979	1.570629,0.162209,-0.092961	1.294093,0.059493,-0.149671	12
1.728064,0.013315,0.306776	1.702477,0.012121,0.204180	0.000000,0.000000,0.000000	1.685853,0.011201,0.133624	1.637031,0.008500,-0.073577	1.562799,0.005627,-0.226656	1.684616,-0.122688,0.125510	1.552296,-0.139682,-0.080572	1.320325,-0.070090,-0.152682	1.688402,0.145363,0.122147	1.571796,0.162613,-0.093195	1.297948,0.058317,-0.146803	12
1.728043,0.013666,0.306776	1.702477,0.012123,0.204180	0.000000,0.000000,0.000000	1.685965,0.011228,0.133597	1.637477,0.008600,-0.073679	1.563953,0.005673,-0.226839	1.684551,-0.122645,0.125534	1.552178,-0.139677,-0.080737	1.322012,-0.070641,-0.152113	1.689304,0.145535,0.122352	1.572454,0.162774,-0.093076	1.300281,0.056483,-0.146842	12
1.728034,0.014046,0.306771	1.702477,0.012124,0.204180	0.000000,0.000000,0.000000	1.686037,0.011255,0.133580	1.637754,0.008702,-0.073766	1.564606,0.005726,-0.226860	1.684541,-0.122536,0.125452	1.552055,-0.139672,-0.080960	1.323453,-0.070987,-0.151835	1.690216,0.145624,0.122447	1.572782,0.162810,-0.092879	1.300910,0.058002,-0.147141	12
1.728035,0.014425,0.306763	1.702477,0.012126,0.204180	0.000000,0.000000,0.000000	1.686077,0.011275,0.133571	1.637897,0.008772,-0.073853	1.564976,0.005765,-0.226837	1.684587,-0.122470,0.125436	1.551994,-0.139672,-0.081101	1.322673,-0.070516,-0.152358	1.691110,0.145660,0.122473	1.573077,0.162795,-0.092722	1.298590,0.057779,-0.147709	12
1.728043,0.014794,0.306752	1.702477,0.012128,0.204180	0.000000,0.000000,0.000000	1.686096,0.011289,0.133567	1.637952,0.008824,-0.073952	1.565086,0.005797,-0.226785	1.684650,-0.122405,0.125418	1.551925,-0.139673,-0.081202	1.322349,-0.070394,-0.152535	1.691991,0.145773,0.122636	1.573439,0.162774,-0.092450	1.299310,0.058523,-0.147467	12
1.728054,0.015158,0.306739	1.702478,0.012130,0.204180	0.000000,0.000000,0.000000	1.686105,0.011301,0.133565	1.637963,0.008864,-0.074074	1.565090,0.005821,-0.226763	1.684760,-0.122355,0.125411	1.551886,-0.139671,-0.081261	1.322343,-0.070461,-0.152529	1.692866,0.145909,0.122845	1.573950,0.162847,-0.092193	1.300664,0.058246,-0.147856	12
1.728066,0.015537,0.306724	1.702478,0.012132,0.204180	0.000000,0.000000,0.000000	1.686110,0.011313,0.133564	1.637945,0.008906,-0.074217	1.565046,0.005845,-0.226782	1.684816,-0.122303,0.125411	1.551859,-0.139668,-0.081329	1.321082,-0.069965,-0.153164	1.693657,0.146099,0.123160	1.574503,0.162939,-0.091873	1.299555,0.056579,-0.148040	12
