joint_position_head	joint_position_neck	joint_position_shoulder	joint_position_spine_top	joint_position_spine_mid	joint_position_spine_bottom	joint_position_left_shoulder	joint_position_left_elbow	joint_position_left_hand	joint_position_right_shoulder	joint_position_right_elbow	joint_position_right_hand	
XYZ order
1.610711,0.011188,0.253019	1.586346,0.009888,0.153778	0.000000,0.000000,0.000000	1.577596,0.005752,0.084389	1.550929,-0.006850,-0.127080	1.501430,-0.012604,-0.278319	1.571676,-0.126404,0.079401	1.493233,-0.173869,-0.129348	1.267984,-0.115289,-0.260808	1.578280,0.141670,0.070767	1.484720,0.158370,-0.136478	1.266245,0.077279,-0.267403	12
1.610714,0.011189,0.253026	1.586346,0.009888,0.153785	0.000000,0.000000,0.000000	1.577599,0.005753,0.084395	1.550935,-0.006852,-0.127113	1.501423,-0.012605,-0.278236	1.571677,-0.126409,0.079401	1.493112,-0.173821,-0.129551	1.267900,-0.115206,-0.260814	1.578263,0.141672,0.070765	1.484574,0.158384,-0.136658	1.266340,0.080400,-0.269582	12
1.610717,0.011189,0.253033	1.586346,0.009888,0.153792	0.000000,0.000000,0.000000	1.577600,0.005753,0.084401	1.550939,-0.006853,-0.127138	1.501417,-0.012606,-0.278139	1.571677,-0.126413,0.079401	1.492995,-0.173753,-0.129719	1.267953,-0.115159,-0.261081	1.578249,0.141673,0.070762	1.484463,0.158402,-0.136814	1.266586,0.084322,-0.272310	12
1.610721,0.011189,0.253040	1.586346,0.009888,0.153798	0.000000,0.000000,0.000000	1.577602,0.005753,0.084407	1.550942,-0.006853,-0.127155	1.501415,-0.012606,-0.278033	1.571677,-0.126415,0.079397	1.492881,-0.173663,-0.129855	1.267628,-0.115275,-0.261188	1.578236,0.141674,0.070758	1.484386,0.158418,-0.136943	1.266937,0.092008,-0.277115	12
1.610726,0.011189,0.253047	1.586346,0.009888,0.153805	0.000000,0.000000,0.000000	1.577603,0.005753,0.084413	1.550945,-0.006853,-0.127166	1.501423,-0.012605,-0.277928	1.571678,-0.126418,0.079395	1.492776,-0.173561,-0.129963	1.267006,-0.115447,-0.261331	1.578232,0.141676,0.070756	1.484335,0.158433,-0.137046	1.266916,0.101509,-0.282035	12
1.610730,0.011190,0.253054	1.586346,0.009888,0.153812	0.000000,0.000000,0.000000	1.577604,0.005753,0.084419	1.550946,-0.006853,-0.127173	1.501351,-0.012614,-0.277722	1.571679,-0.126421,0.079394	1.492687,-0.173470,-0.130050	1.265916,-0.115579,-0.261138	1.578231,0.141678,0.070754	1.484299,0.158441,-0.137130	1.267149,0.097011,-0.281982	12
1.610734,0.011190,0.253062	1.586346,0.009888,0.153820	0.000000,0.000000,0.000000	1.577604,0.005753,0.084426	1.550947,-0.006853,-0.127176	1.501252,-0.012625,-0.277404	1.571680,-0.126422,0.079391	1.492288,-0.173252,-0.130029	1.264230,-0.115677,-0.260835	1.578230,0.141679,0.070753	1.484268,0.158447,-0.137197	1.267105,0.092052,-0.281518	12
1.610734,0.011190,0.253072	1.586346,0.009888,0.153829	0.000000,0.000000,0.000000	1.577604,0.005754,0.084434	1.550948,-0.006853,-0.127176	1.501208,-0.012630,-0.277052	1.571687,-0.126424,0.079390	1.491687,-0.172940,-0.129932	1.262543,-0.115704,-0.260844	1.578230,0.141680,0.070752	1.484236,0.158452,-0.137246	1.267447,0.085041,-0.280377	12
1.610732,0.011190,0.253083	1.586346,0.009888,0.153839	0.000000,0.000000,0.000000	1.577605,0.005754,0.084443	1.550948,-0.006852,-0.127174	1.501196,-0.012631,-0.276690	1.571696,-0.126426,0.079390	1.491028,-0.172567,-0.129808	1.261924,-0.115389,-0.261708	1.578230,0.141681,0.070751	1.484203,0.158458,-0.137282	1.267028,0.083944,-0.280200	12
1.610728,0.011190,0.253095	1.586346,0.009888,0.153849	0.000000,0.000000,0.000000	1.577605,0.005754,0.084452	1.550949,-0.006852,-0.127172	1.501203,-0.012630,-0.276332	1.571707,-0.126429,0.079390	1.490351,-0.172152,-0.129673	1.262081,-0.114999,-0.262718	1.578231,0.141681,0.070751	1.484162,0.158463,-0.137304	1.266417,0.087227,-0.280742	12
1.610722,0.011189,0.253108	1.586346,0.009888,0.153859	0.000000,0.000000,0.000000	1.577605,0.005754,0.084462	1.550949,-0.006851,-0.127170	1.501212,-0.012629,-0.275972	1.571719,-0.126432,0.079391	1.489667,-0.171764,-0.129517	1.262002,-0.114917,-0.262979	1.578231,0.141681,0.070751	1.484113,0.158468,-0.137313	1.266520,0.088098,-0.280749	12
1.610717,0.011189,0.253121	1.586346,0.009888,0.153870	0.000000,0.000000,0.000000	1.577606,0.005754,0.084472	1.550950,-0.006851,-0.127167	1.501243,-0.012625,-0.275640	1.571733,-0.126435,0.079392	1.488947,-0.171366,-0.129338	1.261528,-0.115015,-0.262725	1.578231,0.141682,0.070751	1.484062,0.158470,-0.137314	1.266787,0.087569,-0.280324	12
1.610716,0.011189,0.253133	1.586346,0.009888,0.153880	0.000000,0.000000,0.000000	1.577606,0.005754,0.084482	1.550951,-0.006850,-0.127165	1.501293,-0.012619,-0.275352	1.571748,-0.126438,0.079393	1.488658,-0.171197,-0.129280	1.261359,-0.115099,-0.262375	1.578231,0.141682,0.070751	1.484019,0.158467,-0.137320	1.267006,0.085625,-0.279176	12
1.610717,0.011189,0.253144	1.586346,0.009888,0.153891	0.000000,0.000000,0.000000	1.577606,0.005754,0.084491	1.550952,-0.006850,-0.127163	1.501351,-0.012612,-0.275113	1.571763,-0.126441,0.079393	1.488573,-0.171090,-0.129292	1.261385,-0.115325,-0.262211	1.578231,0.141682,0.070751	1.483978,0.158464,-0.137331	1.267320,0.082539,-0.277610	12
1.610719,0.011189,0.253155	1.586346,0.009888,0.153901	0.000000,0.000000,0.000000	1.577607,0.005755,0.084501	1.550954,-0.006849,-0.127164	1.501417,-0.012604,-0.274930	1.571776,-0.126443,0.079394	1.488638,-0.170963,-0.129380	1.261462,-0.115659,-0.262152	1.578231,0.141682,0.070750	1.483932,0.158461,-0.137352	1.267135,0.078118,-0.274538	12
1.610722,0.011189,0.253165	1.586346,0.009888,0.153911	0.000000,0.000000,0.000000	1.577608,0.005755,0.084510	1.550956,-0.006848,-0.127169	1.501479,-0.012597,-0.274796	1.571789,-0.126446,0.079394	1.488775,-0.170803,-0.129557	1.261182,-0.115771,-0.262166	1.578231,0.141683,0.070750	1.483860,0.158461,-0.137414	1.265341,0.072995,-0.269005	12
1.610725,0.011190,0.253175	1.586346,0.009888,0.153921	0.000000,0.000000,0.000000	1.577609,0.005756,0.084518	1.550959,-0.006847,-0.127180	1.501532,-0.012590,-0.274704	1.571794,-0.126448,0.079395	1.488945,-0.170609,-0.129878	1.260894,-0.115822,-0.262057	1.578231,0.141683,0.070750	1.483734,0.158472,-0.137572	1.262449,0.070684,-0.263162	12
1.610729,0.011190,0.253185	1.586346,0.009888,0.153930	0.000000,0.000000,0.000000	1.577611,0.005757,0.084527	1.550961,-0.006846,-0.127196	1.501575,-0.012584,-0.274645	1.571797,-0.126451,0.079398	1.489086,-0.170425,-0.130315	1.259877,-0.115510,-0.262526	1.578231,0.141683,0.070749	1.483555,0.158492,-0.137837	1.261044,0.068843,-0.262281	12
1.610732,0.011190,0.253195	1.586346,0.009888,0.153940	0.000000,0.000000,0.000000	1.577612,0.005757,0.084536	1.550964,-0.006845,-0.127216	1.501609,-0.012579,-0.274611	1.571798,-0.126455,0.079403	1.489247,-0.170246,-0.130865	1.259210,-0.115170,-0.262933	1.578231,0.141684,0.070749	1.483338,0.158519,-0.138193	1.261145,0.067607,-0.263763	12
1.610735,0.011190,0.253206	1.586346,0.009888,0.153950	0.000000,0.000000,0.000000	1.577613,0.005758,0.084545	1.550965,-0.006843,-0.127239	1.501636,-0.012570,-0.274596	1.571799,-0.126456,0.079403	1.489445,-0.170056,-0.131559	1.259042,-0.114796,-0.263540	1.578231,0.141684,0.070749	1.483102,0.158562,-0.138664	1.260672,0.068945,-0.265386	12
1.610739,0.011190,0.253216	1.586346,0.009888,0.153960	0.000000,0.000000,0.000000	1.577615,0.005759,0.084554	1.550969,-0.006841,-0.127269	1.501659,-0.012560,-0.274598	1.571800,-0.126457,0.079402	1.489636,-0.169856,-0.132404	1.258726,-0.114186,-0.263250	1.578231,0.141684,0.070749	1.482816,0.158620,-0.139264	1.259711,0.072871,-0.267335	12
1.610742,0.011190,0.253225	1.586346,0.009888,0.153969	0.000000,0.000000,0.000000	1.577618,0.005760,0.084562	1.550973,-0.006838,-0.127308	1.501679,-0.012548,-0.274616	1.571801,-0.126456,0.079399	1.489593,-0.169800,-0.133072	1.258196,-0.113424,-0.262581	1.578231,0.141684,0.070749	1.482532,0.158675,-0.139807	1.258366,0.078238,-0.269242	12
1.610745,0.011191,0.253236	1.586346,0.009888,0.153979	0.000000,0.000000,0.000000	1.577620,0.005762,0.084571	1.550977,-0.006836,-0.127354	1.501696,-0.012537,-0.274645	1.571802,-0.126455,0.079395	1.489557,-0.169902,-0.133549	1.257712,-0.113073,-0.262145	1.578231,0.141684,0.070748	1.482286,0.158711,-0.140205	1.257999,0.079408,-0.270280	12
1.610749,0.011191,0.253246	1.586346,0.009888,0.153990	0.000000,0.000000,0.000000	1.577622,0.005763,0.084580	1.550979,-0.006834,-0.127404	1.501709,-0.012521,-0.274684	1.571802,-0.126453,0.079390	1.489589,-0.170077,-0.133851	1.256868,-0.113023,-0.261600	1.578231,0.141684,0.070748	1.482053,0.158720,-0.140423	1.257778,0.077990,-0.270483	12
1.610752,0.011191,0.253257	1.586346,0.009888,0.154000	0.000000,0.000000,0.000000	1.577625,0.005764,0.084589	1.550982,-0.006832,-0.127461	1.501721,-0.012503,-0.274732	1.571801,-0.126450,0.079384	1.489738,-0.170278,-0.134005	1.255815,-0.113020,-0.261152	1.578231,0.141684,0.070748	1.481860,0.158704,-0.140469	1.257087,0.076705,-0.270537	12
1.610755,0.011191,0.253268	1.586346,0.009888,0.154010	0.000000,0.000000,0.000000	1.577628,0.005766,0.084598	1.550985,-0.006830,-0.127525	1.501730,-0.012491,-0.274788	1.571802,-0.126447,0.079377	1.489982,-0.170464,-0.134044	1.254734,-0.112816,-0.260880	1.578231,0.141684,0.070748	1.481733,0.158669,-0.140392	1.255929,0.076262,-0.270678	12
1.610759,0.011192,0.253278	1.586346,0.009888,0.154020	0.000000,0.000000,0.000000	1.577631,0.005767,0.084607	1.550987,-0.006828,-0.127595	1.501732,-0.012483,-0.274845	1.571804,-0.126444,0.079370	1.490376,-0.170583,-0.134093	1.254343,-0.112288,-0.261216	1.578231,0.141684,0.070747	1.481637,0.158623,-0.140269	1.254960,0.075589,-0.270626	12
1.610762,0.011192,0.253288	1.586346,0.009888,0.154030	0.000000,0.000000,0.000000	1.577635,0.005769,0.084615	1.550992,-0.006826,-0.127678	1.501730,-0.012480,-0.274900	1.571807,-0.126441,0.079362	1.490868,-0.170694,-0.134129	1.254596,-0.111620,-0.261844	1.578231,0.141683,0.070746	1.481665,0.158588,-0.140151	1.254445,0.074917,-0.270521	12
1.610766,0.011193,0.253295	1.586346,0.009888,0.154037	0.000000,0.000000,0.000000	1.577639,0.005771,0.084621	1.550998,-0.006823,-0.127781	1.501727,-0.012477,-0.274956	1.571812,-0.126439,0.079353	1.491571,-0.170829,-0.134183	1.255471,-0.110906,-0.262531	1.578231,0.141684,0.070744	1.482013,0.158564,-0.140121	1.254327,0.074794,-0.270313	12
