joint_position_head	joint_position_neck	joint_position_shoulder	joint_position_spine_top	joint_position_spine_mid	joint_position_spine_bottom	joint_position_left_shoulder	joint_position_left_elbow	joint_position_left_hand	joint_position_right_shoulder	joint_position_right_elbow	joint_position_right_hand	
XYZ order
1.831328,0.051769,0.157227	1.788979,0.042486,0.069838	0.000000,0.000000,0.000000	1.765827,0.040192,0.007658	1.697996,0.033472,-0.174519	1.619657,0.029882,-0.317930	1.777032,-0.099586,0.013759	1.791110,-0.315495,0.055764	1.736591,-0.539494,0.127547	1.792360,0.183367,0.009727	1.823833,0.398170,0.047786	1.797501,0.631630,0.103514	12
1.831285,0.051759,0.157123	1.788981,0.042486,0.069783	0.000000,0.000000,0.000000	1.765793,0.040185,0.007617	1.698138,0.033471,-0.173760	1.621056,0.029915,-0.317396	1.777096,-0.099697,0.013796	1.790997,-0.315678,0.055490	1.736372,-0.539619,0.127371	1.792490,0.183402,0.009598	1.823875,0.398280,0.047306	1.798083,0.632181,0.101389	12
1.831262,0.051750,0.157024	1.788984,0.042487,0.069726	0.000000,0.000000,0.000000	1.765802,0.040181,0.007557	1.698415,0.033478,-0.173157	1.622799,0.029954,-0.317526	1.777157,-0.099790,0.013819	1.790826,-0.315853,0.055167	1.735844,-0.539658,0.127200	1.792616,0.183400,0.009406	1.823986,0.398348,0.046730	1.798901,0.632842,0.098498	12
1.831239,0.051740,0.156906	1.788986,0.042487,0.069633	0.000000,0.000000,0.000000	1.765832,0.040178,0.007454	1.698728,0.033487,-0.172742	1.624432,0.029995,-0.318254	1.777233,-0.099927,0.013943	1.790552,-0.316098,0.054833	1.735054,-0.539670,0.127193	1.792736,0.183390,0.009188	1.824468,0.398317,0.046323	1.799860,0.633496,0.095111	12
1.831211,0.051730,0.156774	1.788988,0.042487,0.069504	0.000000,0.000000,0.000000	1.765867,0.040177,0.007314	1.699020,0.033495,-0.172486	1.625568,0.030026,-0.319274	1.777308,-0.100074,0.014091	1.790165,-0.316358,0.054527	1.733715,-0.539542,0.127345	1.792783,0.183387,0.008977	1.825220,0.398225,0.046014	1.801170,0.634070,0.091781	12
1.831180,0.051719,0.156636	1.788991,0.042488,0.069345	0.000000,0.000000,0.000000	1.765905,0.040175,0.007141	1.699287,0.033502,-0.172361	1.626050,0.030035,-0.320214	1.777333,-0.100155,0.014088	1.789670,-0.316503,0.054346	1.731892,-0.539251,0.127452	1.792804,0.183419,0.008847	1.826094,0.398154,0.045720	1.803088,0.634244,0.090816	12
1.831128,0.051704,0.156454	1.788993,0.042488,0.069096	0.000000,0.000000,0.000000	1.765945,0.040173,0.006878	1.699533,0.033503,-0.172399	1.626069,0.030027,-0.320997	1.777330,-0.100240,0.014072	1.788966,-0.316642,0.054252	1.729996,-0.539000,0.127594	1.792818,0.183472,0.008731	1.827067,0.398108,0.045304	1.805616,0.634192,0.091182	12
1.831072,0.051688,0.156268	1.788995,0.042488,0.068805	0.000000,0.000000,0.000000	1.765984,0.040171,0.006573	1.699757,0.033501,-0.172531	1.625859,0.030011,-0.321577	1.777342,-0.100359,0.014162	1.787881,-0.316820,0.054322	1.728416,-0.539018,0.127756	1.792830,0.183523,0.008626	1.828085,0.398062,0.044811	1.808835,0.634048,0.092119	12
1.831023,0.051674,0.156096	1.788998,0.042489,0.068498	0.000000,0.000000,0.000000	1.766022,0.040168,0.006254	1.699962,0.033496,-0.172716	1.625583,0.029993,-0.321975	1.777334,-0.100437,0.014176	1.786510,-0.316912,0.054588	1.728316,-0.539472,0.127931	1.792843,0.183588,0.008573	1.829116,0.397986,0.044585	1.812380,0.633902,0.093172	12
1.830957,0.051657,0.155885	1.789000,0.042489,0.068102	0.000000,0.000000,0.000000	1.766051,0.040165,0.005848	1.700117,0.033488,-0.173008	1.625267,0.029975,-0.322301	1.777315,-0.100513,0.014132	1.784999,-0.316986,0.054860	1.728749,-0.540070,0.128115	1.792857,0.183682,0.008531	1.830213,0.397901,0.044506	1.814926,0.633680,0.094248	12
1.830872,0.051635,0.155624	1.789002,0.042490,0.067590	0.000000,0.000000,0.000000	1.766067,0.040161,0.005331	1.700215,0.033475,-0.173425	1.624926,0.029956,-0.322623	1.777290,-0.100605,0.014075	1.783575,-0.317093,0.054976	1.729427,-0.540649,0.128371	1.792875,0.183793,0.008466	1.831377,0.397811,0.044435	1.817445,0.633518,0.094932	12
1.830788,0.051614,0.155361	1.789005,0.042491,0.067022	0.000000,0.000000,0.000000	1.766077,0.040157,0.004760	1.700283,0.033460,-0.173905	1.624633,0.029940,-0.322964	1.777263,-0.100661,0.013926	1.783324,-0.317127,0.054990	1.729634,-0.540794,0.128407	1.792893,0.183903,0.008397	1.832511,0.397720,0.044350	1.819806,0.633447,0.095082	12
1.830709,0.051594,0.155102	1.789007,0.042492,0.066406	0.000000,0.000000,0.000000	1.766086,0.040152,0.004142	1.700347,0.033443,-0.174439	1.624373,0.029925,-0.323338	1.777235,-0.100714,0.013785	1.783671,-0.317148,0.054957	1.729619,-0.540746,0.128325	1.792912,0.184007,0.008325	1.833587,0.397638,0.044207	1.820011,0.633308,0.094966	12
1.830647,0.051576,0.154877	1.789009,0.042492,0.065791	0.000000,0.000000,0.000000	1.766099,0.040148,0.003524	1.700423,0.033426,-0.174980	1.624107,0.029910,-0.323671	1.777221,-0.100765,0.013714	1.783859,-0.317196,0.054864	1.729973,-0.540888,0.128072	1.792937,0.184075,0.008239	1.834578,0.397534,0.044041	1.819580,0.633138,0.094689	12
1.830600,0.051562,0.154673	1.789012,0.042493,0.065173	0.000000,0.000000,0.000000	1.766112,0.040142,0.002902	1.700495,0.033409,-0.175527	1.623885,0.029897,-0.324024	1.777213,-0.100804,0.013686	1.784048,-0.317251,0.054721	1.730499,-0.541110,0.127664	1.792963,0.184116,0.008154	1.834988,0.397521,0.043831	1.819239,0.633094,0.094401	12
1.830572,0.051552,0.154510	1.789014,0.042493,0.064585	0.000000,0.000000,0.000000	1.766131,0.040138,0.002308	1.700594,0.033392,-0.176056	1.623694,0.029886,-0.324369	1.777210,-0.100818,0.013686	1.784226,-0.317296,0.054527	1.731340,-0.541389,0.127230	1.792992,0.184125,0.008081	1.835089,0.397541,0.043603	1.819069,0.633123,0.094050	12
1.830550,0.051543,0.154346	1.789017,0.042493,0.063982	0.000000,0.000000,0.000000	1.766150,0.040133,0.001699	1.700688,0.033374,-0.176600	1.623509,0.029874,-0.324752	1.777208,-0.100827,0.013695	1.784416,-0.317357,0.054222	1.732733,-0.541755,0.126844	1.793019,0.184141,0.008047	1.835374,0.397537,0.043379	1.818875,0.633108,0.093729	12
1.830597,0.051549,0.154113	1.789020,0.042494,0.063374	0.000000,0.000000,0.000000	1.766174,0.040127,0.001084	1.700803,0.033356,-0.177158	1.623330,0.029864,-0.325163	1.777208,-0.100827,0.013697	1.784597,-0.317428,0.053812	1.734766,-0.542234,0.126458	1.793047,0.184159,0.008030	1.835718,0.397523,0.043170	1.818720,0.632986,0.093855	12
1.830729,0.051569,0.153720	1.789022,0.042494,0.062735	0.000000,0.000000,0.000000	1.766195,0.040122,0.000438	1.700906,0.033338,-0.177745	1.623131,0.029852,-0.325620	1.777208,-0.100829,0.013697	1.784780,-0.317508,0.053351	1.737428,-0.542829,0.126051	1.793076,0.184179,0.008011	1.836329,0.397460,0.042944	1.818502,0.632723,0.094260	12
1.830957,0.051603,0.153168	1.789029,0.042494,0.062114	0.000000,0.000000,0.000000	1.766240,0.040116,-0.000197	1.701086,0.033318,-0.178334	1.623050,0.029840,-0.326111	1.777210,-0.100820,0.013699	1.784990,-0.317589,0.052818	1.740851,-0.543554,0.125526	1.793126,0.184191,0.008004	1.837126,0.397330,0.042867	1.818358,0.632398,0.094740	12
1.831252,0.051647,0.152618	1.789042,0.042494,0.061695	0.000000,0.000000,0.000000	1.766316,0.040112,-0.000638	1.701378,0.033305,-0.178749	1.623124,0.029831,-0.326459	1.777215,-0.100761,0.013739	1.785240,-0.317635,0.052221	1.744452,-0.544233,0.124918	1.793194,0.184140,0.008022	1.838036,0.397108,0.042858	1.818361,0.631969,0.095327	12
1.831566,0.051694,0.151995	1.789058,0.042494,0.061389	0.000000,0.000000,0.000000	1.766407,0.040108,-0.000972	1.701720,0.033295,-0.179058	1.623279,0.029825,-0.326722	1.777222,-0.100677,0.013793	1.785537,-0.317659,0.051600	1.746514,-0.544598,0.124246	1.793298,0.184059,0.008051	1.838942,0.396856,0.042888	1.818703,0.631515,0.096050	12
1.831853,0.051733,0.151271	1.789075,0.042494,0.061122	0.000000,0.000000,0.000000	1.766500,0.040105,-0.001266	1.702072,0.033286,-0.179322	1.623456,0.029819,-0.326950	1.777232,-0.100570,0.013782	1.785857,-0.317653,0.050934	1.748131,-0.544830,0.123541	1.793437,0.183973,0.008081	1.839807,0.396610,0.042935	1.819504,0.631140,0.096644	12
1.832102,0.051766,0.150440	1.789093,0.042494,0.060856	0.000000,0.000000,0.000000	1.766602,0.040103,-0.001562	1.702445,0.033281,-0.179615	1.623617,0.029814,-0.327164	1.777242,-0.100463,0.013746	1.786209,-0.317647,0.050216	1.748624,-0.544830,0.122881	1.793594,0.183894,0.008107	1.840563,0.396397,0.042983	1.820814,0.630843,0.097258	12
1.832294,0.051790,0.149549	1.789114,0.042494,0.060590	0.000000,0.000000,0.000000	1.766708,0.040105,-0.001860	1.702794,0.033287,-0.180003	1.623710,0.029812,-0.327355	1.777253,-0.100354,0.013676	1.786563,-0.317633,0.049494	1.748462,-0.544704,0.122226	1.793756,0.183822,0.008128	1.841353,0.396180,0.043035	1.822511,0.630564,0.097894	12
1.833895,0.051814,0.148169	1.789999,0.042666,0.059995	0.000000,0.000000,0.000000	1.767553,0.040243,-0.002439	1.703472,0.033327,-0.180679	1.624089,0.029853,-0.327700	1.778655,-0.100201,0.013502	1.786631,-0.317607,0.048839	1.748232,-0.544437,0.122158	1.795351,0.183781,0.007470	1.841518,0.396305,0.043238	1.824991,0.630747,0.098562	12
1.835894,0.051851,0.146874	1.791579,0.042948,0.059186	0.000000,0.000000,0.000000	1.768951,0.040465,-0.003179	1.704259,0.033367,-0.181473	1.624899,0.029896,-0.328317	1.779690,-0.099863,0.013139	1.786379,-0.317351,0.048246	1.748213,-0.543968,0.122333	1.796406,0.183754,0.006209	1.841361,0.396283,0.043446	1.828282,0.630832,0.099193	12
1.837735,0.051893,0.145830	1.793597,0.043262,0.058244	0.000000,0.000000,0.000000	1.770679,0.040707,-0.004012	1.705039,0.033390,-0.182318	1.625834,0.029925,-0.329061	1.780397,-0.099444,0.012706	1.785971,-0.316985,0.047686	1.748256,-0.543372,0.122697	1.797299,0.183622,0.004414	1.841020,0.396044,0.043663	1.831988,0.630649,0.099957	12
1.839313,0.051909,0.144760	1.795247,0.043589,0.057223	0.000000,0.000000,0.000000	1.772099,0.040956,-0.004945	1.705667,0.033397,-0.183362	1.626666,0.029941,-0.330038	1.780716,-0.099040,0.012206	1.785597,-0.316569,0.047372	1.748190,-0.542802,0.123002	1.798044,0.183164,0.001636	1.840641,0.395235,0.043875	1.834319,0.629802,0.100761	12
1.840290,0.051910,0.143749	1.796295,0.043827,0.056187	0.000000,0.000000,0.000000	1.772989,0.041134,-0.005920	1.705949,0.033387,-0.184568	1.627121,0.029947,-0.331163	1.780818,-0.098789,0.011624	1.785233,-0.316250,0.047276	1.747983,-0.542387,0.123271	1.798663,0.182553,-0.001357	1.840294,0.394166,0.044035	1.835898,0.628629,0.101572	12
