joint_position_head	joint_position_neck	joint_position_shoulder	joint_position_spine_top	joint_position_spine_mid	joint_position_spine_bottom	joint_position_left_shoulder	joint_position_left_elbow	joint_position_left_hand	joint_position_right_shoulder	joint_position_right_elbow	joint_position_right_hand	
XYZ order
1.819119,0.010336,0.257978	1.794167,0.006809,0.165772	0.000000,0.000000,0.000000	1.779227,0.005587,0.098897	1.733869,0.003493,-0.104057	1.656519,0.000285,-0.245850	1.809754,-0.122722,0.124198	1.825146,-0.239620,0.317485	1.858270,-0.057713,0.477539	1.813114,0.135138,0.122036	1.858441,0.246777,0.313726	1.862045,0.069844,0.482557	12
1.822238,0.010120,0.250145	1.794686,0.006805,0.159661	0.000000,0.000000,0.000000	1.779314,0.005829,0.092878	1.732078,0.003164,-0.110398	1.655041,-0.000263,-0.249221	1.810301,-0.123213,0.119004	1.825114,-0.240237,0.311190	1.861054,-0.055986,0.466807	1.814340,0.136382,0.119504	1.862273,0.246574,0.310297	1.865957,0.066419,0.474575	12
1.825764,0.009908,0.241750	1.795211,0.006804,0.152754	0.000000,0.000000,0.000000	1.779200,0.005760,0.086123	1.729696,0.001982,-0.116842	1.649802,-0.000110,-0.254162	1.810490,-0.123620,0.112764	1.825407,-0.241593,0.304608	1.863461,-0.055982,0.456413	1.814808,0.136751,0.113132	1.864176,0.244466,0.305206	1.870316,0.064586,0.468143	12
1.828003,0.009740,0.233680	1.795736,0.006803,0.145642	0.000000,0.000000,0.000000	1.779256,0.005547,0.079129	1.729211,0.000900,-0.123531	1.644884,0.000975,-0.260065	1.810589,-0.124038,0.106321	1.826102,-0.244993,0.298120	1.865672,-0.058681,0.447008	1.814872,0.136650,0.104913	1.865070,0.241955,0.299945	1.872928,0.062792,0.462049	12
1.828724,0.009568,0.226870	1.796247,0.006802,0.139070	0.000000,0.000000,0.000000	1.779478,0.005354,0.072633	1.729210,0.000414,-0.129313	1.642723,0.001902,-0.266455	1.810680,-0.124783,0.101833	1.826899,-0.248195,0.294715	1.867827,-0.063107,0.443165	1.814893,0.137042,0.099034	1.866413,0.240712,0.297245	1.873534,0.063607,0.460156	12
1.828472,0.009384,0.222252	1.796783,0.006802,0.134009	0.000000,0.000000,0.000000	1.779896,0.005139,0.067607	1.729800,-0.000422,-0.133058	1.640602,0.002594,-0.270552	1.810734,-0.125255,0.098129	1.827562,-0.249722,0.293287	1.868816,-0.066091,0.441812	1.814889,0.137412,0.094813	1.868228,0.240146,0.295958	1.873453,0.064418,0.458938	12
1.827968,0.009214,0.219767	1.797335,0.006802,0.130719	0.000000,0.000000,0.000000	1.780324,0.004912,0.064355	1.729701,-0.001310,-0.134859	1.636434,0.003168,-0.271083	1.810797,-0.125785,0.096737	1.828384,-0.251170,0.293953	1.868857,-0.067246,0.441045	1.814891,0.137756,0.092511	1.869896,0.240367,0.295911	1.873235,0.064762,0.457920	12
1.827542,0.009050,0.218876	1.797916,0.006802,0.128923	0.000000,0.000000,0.000000	1.780706,0.004658,0.062618	1.729192,-0.002381,-0.135429	1.633596,0.000783,-0.270958	1.810855,-0.126193,0.096643	1.829304,-0.252469,0.295026	1.868409,-0.067774,0.440546	1.814903,0.138030,0.091662	1.871956,0.241432,0.295858	1.872968,0.065234,0.456376	12
1.827277,0.008891,0.218773	1.798503,0.006802,0.127945	0.000000,0.000000,0.000000	1.781032,0.004396,0.061718	1.728533,-0.003415,-0.135745	1.632285,-0.003722,-0.271039	1.810926,-0.126500,0.097204	1.830141,-0.253167,0.295261	1.867769,-0.068242,0.440305	1.814917,0.138204,0.091442	1.874047,0.243901,0.293838	1.872796,0.067264,0.453353	12
1.827167,0.008736,0.219012	1.799077,0.006802,0.127400	0.000000,0.000000,0.000000	1.781344,0.004139,0.061252	1.728093,-0.004399,-0.135935	1.632072,-0.009577,-0.271282	1.810994,-0.126699,0.097921	1.830948,-0.253366,0.294724	1.867158,-0.067713,0.440490	1.814930,0.138282,0.091423	1.876358,0.247419,0.290088	1.872705,0.069937,0.449808	12
1.827183,0.008583,0.219423	1.799606,0.006802,0.127162	0.000000,0.000000,0.000000	1.781652,0.003957,0.061081	1.727854,-0.004867,-0.135916	1.632449,-0.014054,-0.271563	1.811051,-0.126724,0.098282	1.831665,-0.253182,0.293619	1.866500,-0.067531,0.440718	1.814936,0.138260,0.091430	1.876938,0.248123,0.288032	1.872686,0.070245,0.448226	12
1.827264,0.008430,0.219878	1.800103,0.006802,0.127099	0.000000,0.000000,0.000000	1.781963,0.003820,0.061075	1.727696,-0.005292,-0.135792	1.633099,-0.016673,-0.271886	1.811098,-0.126659,0.098484	1.831899,-0.252952,0.292440	1.865663,-0.067983,0.440585	1.814939,0.138167,0.091412	1.876463,0.246981,0.287307	1.872792,0.069291,0.447671	12
1.827353,0.008273,0.220253	1.800471,0.006802,0.127086	0.000000,0.000000,0.000000	1.782066,0.003684,0.061142	1.726610,-0.005885,-0.135460	1.630367,-0.018242,-0.270025	1.811140,-0.126544,0.098581	1.831914,-0.252890,0.291331	1.864615,-0.068674,0.440236	1.814940,0.138029,0.091357	1.875534,0.245202,0.287286	1.872978,0.068529,0.448395	12
1.827438,0.008118,0.220557	1.800857,0.006802,0.127073	0.000000,0.000000,0.000000	1.782018,0.003528,0.061260	1.724770,-0.006592,-0.134849	1.623299,-0.019355,-0.264989	1.811198,-0.126413,0.098632	1.831911,-0.252772,0.290439	1.863438,-0.069259,0.439702	1.814941,0.137879,0.091271	1.874811,0.243990,0.287079	1.873107,0.068754,0.449059	12
1.827499,0.007958,0.220763	1.801136,0.006802,0.127039	0.000000,0.000000,0.000000	1.781989,0.003396,0.061321	1.724282,-0.007039,-0.134707	1.617917,-0.019727,-0.261071	1.811250,-0.126270,0.098659	1.831910,-0.252522,0.289775	1.862171,-0.069605,0.438754	1.814943,0.137714,0.091167	1.874218,0.243223,0.286733	1.873157,0.069553,0.449227	12
1.827537,0.007799,0.220886	1.801305,0.006802,0.126980	0.000000,0.000000,0.000000	1.782048,0.003287,0.061299	1.724588,-0.007409,-0.134841	1.617965,-0.019217,-0.261431	1.811295,-0.126115,0.098651	1.831851,-0.252182,0.289289	1.861575,-0.069941,0.437748	1.814944,0.137531,0.091021	1.873543,0.242883,0.286278	1.873180,0.070849,0.449183	12
1.827561,0.007636,0.220957	1.801415,0.006802,0.126900	0.000000,0.000000,0.000000	1.782165,0.003232,0.061220	1.724981,-0.007466,-0.135026	1.622068,-0.018436,-0.264747	1.811304,-0.125961,0.098624	1.831781,-0.251849,0.288905	1.861383,-0.070242,0.436706	1.814941,0.137344,0.090858	1.872688,0.242767,0.285859	1.873242,0.071993,0.448764	12
1.827579,0.007464,0.221005	1.801518,0.006801,0.126813	0.000000,0.000000,0.000000	1.782321,0.003206,0.061119	1.725330,-0.007510,-0.135183	1.624689,-0.017938,-0.266777	1.811338,-0.125801,0.098592	1.831688,-0.251046,0.288931	1.861468,-0.070083,0.435799	1.814945,0.137145,0.090667	1.871766,0.242785,0.285451	1.873328,0.073119,0.447980	12
1.827883,0.006863,0.220695	1.801627,0.006800,0.126697	0.000000,0.000000,0.000000	1.782620,0.003229,0.060947	1.726595,-0.007289,-0.135661	1.626643,-0.016596,-0.268072	1.811306,-0.123921,0.091629	1.831114,-0.247224,0.283764	1.861651,-0.071581,0.435133	1.814859,0.135794,0.086396	1.870121,0.241346,0.282154	1.873502,0.075370,0.446968	12
1.828529,0.006054,0.219704	1.801743,0.006799,0.126529	0.000000,0.000000,0.000000	1.783355,0.003352,0.060599	1.730514,-0.006499,-0.136965	1.631547,-0.014605,-0.270756	1.811338,-0.122670,0.086695	1.830882,-0.245219,0.280704	1.861766,-0.072465,0.434185	1.814749,0.134167,0.081192	1.868576,0.239962,0.278552	1.873648,0.077936,0.446123	12
1.829594,0.005216,0.218581	1.801869,0.006798,0.125654	0.000000,0.000000,0.000000	1.784328,0.003527,0.059487	1.734484,-0.005706,-0.139481	1.637882,-0.012456,-0.274642	1.811471,-0.122091,0.083367	1.830888,-0.244396,0.279043	1.861904,-0.072747,0.432883	1.814729,0.133317,0.077498	1.867752,0.239795,0.276185	1.873795,0.079792,0.444874	12
1.830410,0.004179,0.216145	1.801997,0.006796,0.123076	0.000000,0.000000,0.000000	1.785005,0.003646,0.056758	1.735504,-0.005488,-0.143634	1.642040,-0.010479,-0.279155	1.811709,-0.122402,0.081350	1.831118,-0.244552,0.278254	1.862290,-0.071381,0.432762	1.814749,0.132823,0.073248	1.868069,0.240446,0.272351	1.873855,0.079500,0.442344	12
1.830263,0.003135,0.212008	1.802126,0.006794,0.119507	0.000000,0.000000,0.000000	1.785125,0.003658,0.053187	1.733727,-0.005798,-0.147242	1.642696,-0.009395,-0.283158	1.812001,-0.123049,0.079897	1.831407,-0.244814,0.276980	1.862844,-0.069472,0.432598	1.814832,0.132963,0.069990	1.869542,0.242412,0.267643	1.873666,0.076699,0.436314	12
1.829761,0.002148,0.207522	1.802266,0.006792,0.115568	0.000000,0.000000,0.000000	1.784815,0.003587,0.049369	1.730935,-0.006294,-0.150393	1.641060,-0.008793,-0.286650	1.812335,-0.123663,0.078543	1.831807,-0.245512,0.274856	1.863166,-0.069092,0.430461	1.814943,0.133384,0.067504	1.871570,0.245034,0.262648	1.873428,0.077383,0.430555	12
1.829219,0.001519,0.203139	1.802425,0.006789,0.111320	0.000000,0.000000,0.000000	1.784377,0.003488,0.045287	1.728656,-0.006694,-0.154005	1.637604,-0.008440,-0.289410	1.812716,-0.124174,0.077029	1.832282,-0.246674,0.272023	1.863644,-0.069058,0.426687	1.815028,0.133940,0.065392	1.873039,0.246021,0.258992	1.873579,0.077427,0.426390	12
1.828756,0.001098,0.199072	1.802590,0.006786,0.106837	0.000000,0.000000,0.000000	1.783869,0.003373,0.040998	1.726185,-0.007140,-0.157763	1.632035,-0.008121,-0.290975	1.813084,-0.124479,0.074868	1.832861,-0.247802,0.268460	1.864404,-0.068814,0.422002	1.815089,0.134427,0.063096	1.874135,0.246063,0.255788	1.874054,0.076916,0.423114	12
1.828610,0.000845,0.195667	1.802755,0.006783,0.102499	0.000000,0.000000,0.000000	1.783414,0.003205,0.036848	1.724244,-0.007944,-0.161202	1.627427,-0.007511,-0.292915	1.814277,-0.124513,0.072412	1.833285,-0.247901,0.265312	1.865798,-0.067787,0.417415	1.816577,0.134945,0.061844	1.875138,0.246041,0.254267	1.874714,0.076948,0.421735	12
1.828856,0.000643,0.193396	1.802921,0.006780,0.098991	0.000000,0.000000,0.000000	1.783089,0.002995,0.033497	1.722958,-0.008872,-0.163477	1.624168,-0.006670,-0.294711	1.817173,-0.124286,0.070764	1.833671,-0.247850,0.263189	1.867787,-0.067368,0.414484	1.819008,0.135197,0.061251	1.876223,0.246169,0.253564	1.875551,0.077270,0.421208	12
1.829289,0.000541,0.192711	1.803075,0.006778,0.097026	0.000000,0.000000,0.000000	1.782933,0.002833,0.031635	1.722438,-0.009296,-0.164004	1.621155,-0.006069,-0.294776	1.820782,-0.123835,0.070263	1.834204,-0.248503,0.261751	1.870641,-0.066505,0.411548	1.822462,0.134960,0.061216	1.877244,0.246560,0.253410	1.876472,0.077028,0.421205	12
1.829900,0.000507,0.192811	1.803351,0.006777,0.095945	0.000000,0.000000,0.000000	1.782981,0.002731,0.030631	1.722058,-0.009503,-0.164363	1.618183,-0.005394,-0.293676	1.822435,-0.123512,0.069949	1.835173,-0.249553,0.260246	1.872769,-0.066353,0.409777	1.823539,0.134851,0.061227	1.878177,0.246524,0.253080	1.877589,0.075370,0.420536	12
