joint_position_head	joint_position_neck	joint_position_shoulder	joint_position_spine_top	joint_position_spine_mid	joint_position_spine_bottom	joint_position_left_shoulder	joint_position_left_elbow	joint_position_left_hand	joint_position_right_shoulder	joint_position_right_elbow	joint_position_right_hand	
XYZ order
1.588357,0.003195,0.293607	1.584089,0.001434,0.198588	0.000000,0.000000,0.000000	1.586035,0.000794,0.130887	1.591405,-0.000971,-0.055850	1.561277,0.000409,-0.213508	1.583684,-0.133868,0.112531	1.557578,-0.349080,0.052820	1.428817,-0.572143,0.101145	1.591461,0.136936,0.113169	1.582792,0.351359,0.046065	1.534909,0.608157,0.067353	12
1.588091,0.003625,0.296062	1.584145,0.001649,0.201130	0.000000,0.000000,0.000000	1.586128,0.001079,0.133430	1.591596,-0.000493,-0.053300	1.561514,0.001030,-0.211295	1.583681,-0.133510,0.114121	1.557392,-0.349083,0.055813	1.427967,-0.572086,0.106673	1.591428,0.136883,0.114551	1.582770,0.351477,0.047954	1.535031,0.608799,0.072043	12
1.587806,0.003363,0.297728	1.584174,0.001778,0.202370	0.000000,0.000000,0.000000	1.586171,0.001270,0.134669	1.591681,-0.000132,-0.052083	1.561666,0.001499,-0.210272	1.583677,-0.133587,0.115019	1.557122,-0.349261,0.057199	1.427674,-0.572308,0.111717	1.591413,0.137114,0.115276	1.582712,0.351548,0.048157	1.534928,0.609298,0.075748	12
1.587485,0.002655,0.298820	1.584219,0.001827,0.202871	0.000000,0.000000,0.000000	1.586217,0.001366,0.135171	1.591729,0.000093,-0.051609	1.561803,0.001793,-0.209903	1.583675,-0.133705,0.115240	1.556809,-0.349363,0.057502	1.427659,-0.573017,0.114063	1.591494,0.137571,0.115873	1.582626,0.351542,0.047320	1.534698,0.609741,0.077847	12
1.587259,0.001773,0.299523	1.584276,0.001835,0.203003	0.000000,0.000000,0.000000	1.586263,0.001403,0.135302	1.591746,0.000209,-0.051481	1.561890,0.001948,-0.209881	1.583673,-0.133852,0.115149	1.556442,-0.349378,0.057092	1.427519,-0.573731,0.115299	1.591509,0.137854,0.115963	1.582539,0.351571,0.046630	1.534405,0.610418,0.078609	12
1.587163,0.000838,0.299950	1.584315,0.001825,0.202952	0.000000,0.000000,0.000000	1.586292,0.001409,0.135251	1.591745,0.000260,-0.051486	1.561949,0.002014,-0.210060	1.583672,-0.133983,0.114872	1.556103,-0.349350,0.056392	1.428482,-0.572224,0.115423	1.591484,0.138039,0.115794	1.582436,0.351587,0.045949	1.534539,0.608676,0.078417	12
1.587174,0.000050,0.300127	1.584346,0.001809,0.202754	0.000000,0.000000,0.000000	1.586314,0.001401,0.135052	1.591740,0.000275,-0.051586	1.561969,0.002035,-0.210413	1.583669,-0.134119,0.114491	1.556028,-0.349333,0.055482	1.429718,-0.569657,0.115105	1.591446,0.138196,0.115487	1.582306,0.351535,0.045016	1.534856,0.605938,0.077856	12
1.587264,-0.000297,0.300133	1.584378,0.001793,0.202468	0.000000,0.000000,0.000000	1.586338,0.001389,0.134766	1.591737,0.000275,-0.051725	1.561977,0.002035,-0.210886	1.583665,-0.134240,0.114040	1.555921,-0.349288,0.054476	1.430943,-0.566979,0.114663	1.591440,0.138356,0.115141	1.582243,0.351583,0.044338	1.535192,0.603262,0.077112	12
1.587373,-0.000252,0.300015	1.584412,0.001786,0.202121	0.000000,0.000000,0.000000	1.586364,0.001382,0.134419	1.591736,0.000270,-0.051882	1.561975,0.002030,-0.211441	1.583664,-0.134361,0.113582	1.555785,-0.349220,0.053408	1.431953,-0.564578,0.114009	1.591452,0.138520,0.114772	1.582237,0.351766,0.044028	1.535463,0.601074,0.076313	12
1.587448,-0.000002,0.299827	1.584448,0.001783,0.201753	0.000000,0.000000,0.000000	1.586392,0.001378,0.134051	1.591737,0.000265,-0.052024	1.561968,0.002024,-0.212027	1.583665,-0.134503,0.113186	1.555686,-0.349112,0.052169	1.433048,-0.562649,0.113257	1.591473,0.138681,0.114412	1.582314,0.352001,0.043888	1.535586,0.599360,0.075490	12
1.587488,0.000352,0.299575	1.584483,0.001781,0.201360	0.000000,0.000000,0.000000	1.586421,0.001375,0.133658	1.591738,0.000261,-0.052160	1.561958,0.002020,-0.212641	1.583665,-0.134644,0.112806	1.555188,-0.348895,0.050776	1.434371,-0.561428,0.112443	1.591498,0.138840,0.114066	1.582416,0.352215,0.043697	1.535505,0.597982,0.074804	12
1.587514,0.000724,0.299200	1.584519,0.001781,0.200874	0.000000,0.000000,0.000000	1.586450,0.001374,0.133171	1.591742,0.000258,-0.052366	1.561934,0.002018,-0.213342	1.583666,-0.134791,0.112391	1.554451,-0.348875,0.050121	1.435351,-0.561149,0.110983	1.591529,0.139020,0.113706	1.582526,0.352439,0.043463	1.535399,0.596946,0.074234	12
1.587972,0.000975,0.298580	1.584557,0.001780,0.200181	0.000000,0.000000,0.000000	1.586460,0.001362,0.132477	1.591665,0.000216,-0.052814	1.562033,0.001965,-0.214185	1.583608,-0.134548,0.111106	1.554093,-0.348939,0.050061	1.434420,-0.563310,0.109475	1.591710,0.138581,0.112121	1.582634,0.352502,0.043448	1.534805,0.598661,0.073914	12
1.588745,0.001130,0.297805	1.584596,0.001780,0.199366	0.000000,0.000000,0.000000	1.586446,0.001307,0.131661	1.591506,0.000014,-0.053502	1.562158,0.001720,-0.215078	1.583525,-0.134451,0.109841	1.553903,-0.349187,0.050075	1.432753,-0.566323,0.107490	1.591799,0.137892,0.109954	1.582767,0.352518,0.043524	1.533914,0.601172,0.073710	12
1.589547,0.001214,0.296951	1.584634,0.001780,0.198493	0.000000,0.000000,0.000000	1.586439,0.001251,0.130788	1.591375,-0.000197,-0.054328	1.562256,0.001456,-0.215919	1.583483,-0.134463,0.108683	1.553777,-0.349510,0.050086	1.431211,-0.569118,0.104469	1.591874,0.137592,0.108321	1.582903,0.352644,0.043258	1.532693,0.603172,0.073755	12
1.590069,0.001262,0.296084	1.584670,0.001779,0.197607	0.000000,0.000000,0.000000	1.586437,0.001210,0.129901	1.591267,-0.000345,-0.055245	1.562312,0.001265,-0.216665	1.583465,-0.134513,0.107613	1.553687,-0.349826,0.050028	1.430148,-0.571031,0.100910	1.591941,0.137524,0.107073	1.583039,0.352806,0.042750	1.531420,0.604123,0.073824	12
1.590412,0.001297,0.295215	1.584710,0.001779,0.196719	0.000000,0.000000,0.000000	1.586447,0.001182,0.129013	1.591201,-0.000452,-0.056246	1.562395,0.001121,-0.217372	1.583459,-0.134631,0.106673	1.553612,-0.350136,0.049843	1.429539,-0.572305,0.097284	1.591998,0.137567,0.106022	1.583093,0.352958,0.042055	1.530666,0.604482,0.073603	12
1.590652,0.001318,0.294287	1.584753,0.001778,0.195775	0.000000,0.000000,0.000000	1.586466,0.001160,0.128068	1.591158,-0.000532,-0.057395	1.562485,0.001006,-0.218124	1.583460,-0.134765,0.105728	1.553539,-0.350435,0.049562	1.429737,-0.572350,0.095577	1.592025,0.137684,0.105050	1.583102,0.353134,0.041285	1.529609,0.603703,0.073526	12
1.590841,0.001330,0.293333	1.584795,0.001776,0.194808	0.000000,0.000000,0.000000	1.586490,0.001141,0.127101	1.591140,-0.000601,-0.058661	1.562561,0.000907,-0.218973	1.583464,-0.134869,0.104737	1.553475,-0.350694,0.049207	1.430301,-0.572133,0.094928	1.592039,0.137832,0.104127	1.583097,0.353301,0.040434	1.529454,0.603005,0.073019	12
1.590996,0.001336,0.292344	1.584838,0.001774,0.193809	0.000000,0.000000,0.000000	1.586520,0.001121,0.126101	1.591142,-0.000674,-0.060037	1.562607,0.000816,-0.219994	1.583468,-0.134965,0.103730	1.553412,-0.350937,0.048812	1.430788,-0.572367,0.094856	1.592050,0.137982,0.103204	1.583087,0.353492,0.039654	1.529998,0.603033,0.072738	12
1.591042,0.001341,0.291258	1.584879,0.001772,0.192708	0.000000,0.000000,0.000000	1.586553,0.001106,0.125001	1.591165,-0.000730,-0.061482	1.562558,0.000738,-0.221201	1.583466,-0.135044,0.102636	1.553377,-0.351202,0.048472	1.430815,-0.573443,0.095104	1.592056,0.138167,0.102272	1.583071,0.353867,0.039376	1.530913,0.604405,0.072445	12
1.591010,0.001346,0.290107	1.584895,0.001770,0.191544	0.000000,0.000000,0.000000	1.586572,0.001093,0.123836	1.591197,-0.000776,-0.062913	1.562447,0.000649,-0.222527	1.583459,-0.135108,0.101497	1.553367,-0.351477,0.048187	1.431670,-0.573119,0.094937	1.592060,0.138374,0.101356	1.583055,0.354352,0.039428	1.532304,0.604322,0.071943	12
1.590946,0.001351,0.288987	1.584904,0.001768,0.190410	0.000000,0.000000,0.000000	1.586586,0.001083,0.122703	1.591231,-0.000809,-0.064226	1.562244,0.000564,-0.223763	1.583447,-0.135478,0.100950	1.553298,-0.351939,0.048042	1.431203,-0.574036,0.095569	1.592077,0.138747,0.100816	1.583034,0.354919,0.039573	1.532337,0.605586,0.072554	12
1.590869,0.001260,0.288137	1.584909,0.001765,0.189548	0.000000,0.000000,0.000000	1.586575,0.001043,0.121841	1.591180,-0.000952,-0.065247	1.561967,0.000424,-0.224677	1.583221,-0.136058,0.101304	1.553262,-0.352404,0.047829	1.430371,-0.574862,0.096652	1.591950,0.138722,0.100219	1.583051,0.355165,0.039920	1.531630,0.606532,0.073737	12
1.590787,0.001085,0.287409	1.584911,0.001762,0.188811	0.000000,0.000000,0.000000	1.586535,0.000983,0.121103	1.591027,-0.001171,-0.066146	1.561642,0.000239,-0.225432	1.582857,-0.136582,0.101894	1.553255,-0.352813,0.047762	1.429829,-0.575161,0.097722	1.591681,0.138660,0.099859	1.583096,0.355324,0.040309	1.530559,0.606675,0.075381	12
1.590696,0.000856,0.286743	1.584911,0.001759,0.188136	0.000000,0.000000,0.000000	1.586479,0.000916,0.120428	1.590818,-0.001420,-0.066991	1.561263,0.000043,-0.226056	1.582427,-0.136887,0.102351	1.553288,-0.353091,0.047862	1.429589,-0.575246,0.098704	1.591354,0.138561,0.099634	1.583155,0.355421,0.040747	1.530002,0.606626,0.076921	12
1.590605,0.000611,0.286112	1.584910,0.001756,0.187499	0.000000,0.000000,0.000000	1.586418,0.000847,0.119790	1.590597,-0.001671,-0.067763	1.560879,-0.000151,-0.226533	1.581956,-0.137142,0.102809	1.553337,-0.353343,0.048027	1.429389,-0.575240,0.099806	1.590992,0.138595,0.099681	1.583223,0.355599,0.041267	1.529759,0.606689,0.078387	12
1.590511,0.000369,0.285346	1.584908,0.001750,0.186727	0.000000,0.000000,0.000000	1.586352,0.000798,0.119018	1.590356,-0.001841,-0.068609	1.560548,-0.000277,-0.227071	1.581511,-0.137253,0.102944	1.553354,-0.353562,0.048352	1.429207,-0.575304,0.100798	1.590608,0.138656,0.099682	1.583297,0.355831,0.041849	1.529583,0.606826,0.079903	12
1.590403,0.000132,0.284231	1.584906,0.001743,0.185608	0.000000,0.000000,0.000000	1.586283,0.000761,0.117897	1.590098,-0.001959,-0.069722	1.560220,-0.000345,-0.227891	1.581078,-0.137365,0.102815	1.553309,-0.353858,0.048755	1.429063,-0.575402,0.101691	1.590208,0.138808,0.099560	1.583364,0.356182,0.042418	1.529198,0.606891,0.081556	12
1.590309,-0.000099,0.283230	1.584904,0.001734,0.184603	0.000000,0.000000,0.000000	1.586214,0.000759,0.116891	1.589840,-0.001943,-0.070654	1.559956,-0.000373,-0.228570	1.580899,-0.137336,0.102611	1.553194,-0.354021,0.049291	1.429074,-0.575398,0.102625	1.589817,0.138874,0.099474	1.583428,0.356446,0.043041	1.528736,0.606741,0.083274	12
