joint_position_head	joint_position_neck	joint_position_shoulder	joint_position_spine_top	joint_position_spine_mid	joint_position_spine_bottom	joint_position_left_shoulder	joint_position_left_elbow	joint_position_left_hand	joint_position_right_shoulder	joint_position_right_elbow	joint_position_right_hand	
XYZ order
1.627459,-0.006308,0.230823	1.613563,-0.002896,0.133077	0.000000,0.000000,0.000000	1.607608,-0.002961,0.065607	1.590630,-0.003149,-0.126753	1.555010,-0.003555,-0.283680	1.605147,-0.139474,0.050494	1.581683,-0.358640,0.005994	1.473980,-0.572826,0.091680	1.608328,0.130939,0.045869	1.602192,0.348855,-0.009263	1.535677,0.590290,0.036631	12
1.627399,-0.006302,0.230725	1.613563,-0.002898,0.132968	0.000000,0.000000,0.000000	1.607611,-0.002963,0.065498	1.590649,-0.003149,-0.126760	1.555055,-0.003556,-0.283567	1.605139,-0.139539,0.050459	1.582404,-0.358784,0.005970	1.472873,-0.571969,0.092198	1.608385,0.131001,0.045827	1.601814,0.348921,-0.009238	1.535107,0.590413,0.036754	12
1.627337,-0.006295,0.230627	1.613563,-0.002902,0.132859	0.000000,0.000000,0.000000	1.607611,-0.002967,0.065388	1.590660,-0.003150,-0.126728	1.555100,-0.003556,-0.283437	1.605133,-0.139598,0.050428	1.583248,-0.358927,0.005926	1.471529,-0.570816,0.092855	1.608402,0.131054,0.045791	1.601452,0.348984,-0.009191	1.534568,0.590523,0.036895	12
1.627270,-0.006287,0.230486	1.613563,-0.002906,0.132706	0.000000,0.000000,0.000000	1.607608,-0.002970,0.065236	1.590668,-0.003150,-0.126701	1.555140,-0.003557,-0.283337	1.605127,-0.139668,0.050388	1.583638,-0.359050,0.005952	1.471118,-0.570539,0.093111	1.608397,0.131118,0.045746	1.601092,0.349066,-0.009116	1.534086,0.590650,0.037058	12
1.627201,-0.006277,0.230325	1.613563,-0.002909,0.132533	0.000000,0.000000,0.000000	1.607604,-0.002972,0.065063	1.590667,-0.003151,-0.126671	1.555165,-0.003557,-0.283262	1.605122,-0.139737,0.050347	1.583789,-0.359154,0.006007	1.471283,-0.570740,0.093126	1.608393,0.131184,0.045699	1.600759,0.349158,-0.009016	1.533935,0.590835,0.037252	12
1.627131,-0.006267,0.230146	1.613563,-0.002911,0.132344	0.000000,0.000000,0.000000	1.607592,-0.002974,0.064875	1.590644,-0.003151,-0.126599	1.555165,-0.003557,-0.283217	1.605118,-0.139805,0.050306	1.583827,-0.359256,0.006112	1.471727,-0.571180,0.093013	1.608389,0.131250,0.045652	1.600440,0.349252,-0.008906	1.533976,0.591037,0.037479	12
1.627053,-0.006257,0.229947	1.613563,-0.002912,0.132132	0.000000,0.000000,0.000000	1.607574,-0.002975,0.064665	1.590606,-0.003152,-0.126473	1.555142,-0.003558,-0.283207	1.605113,-0.139874,0.050264	1.583826,-0.359344,0.006165	1.472356,-0.571689,0.092889	1.608373,0.131319,0.045602	1.600345,0.349360,-0.008789	1.534035,0.591181,0.037712	12
1.626967,-0.006245,0.229697	1.613563,-0.002913,0.131870	0.000000,0.000000,0.000000	1.607558,-0.002976,0.064404	1.590577,-0.003152,-0.126373	1.555105,-0.003558,-0.283267	1.605108,-0.139957,0.050215	1.583819,-0.359445,0.006212	1.473057,-0.572300,0.092624	1.608351,0.131401,0.045543	1.600330,0.349489,-0.008662	1.534101,0.591318,0.037973	12
1.626853,-0.006231,0.229403	1.613563,-0.002914,0.131559	0.000000,0.000000,0.000000	1.607544,-0.002976,0.064094	1.590552,-0.003152,-0.126326	1.555057,-0.003559,-0.283396	1.605102,-0.140050,0.050161	1.583826,-0.359556,0.006241	1.473853,-0.572994,0.092274	1.608328,0.131495,0.045475	1.600548,0.349642,-0.008526	1.534093,0.591399,0.038263	12
1.626725,-0.006217,0.229092	1.613563,-0.002914,0.131230	0.000000,0.000000,0.000000	1.607529,-0.002976,0.063767	1.590527,-0.003153,-0.126304	1.555001,-0.003559,-0.283561	1.605096,-0.140140,0.050108	1.583847,-0.359662,0.006254	1.474686,-0.573706,0.091908	1.608304,0.131587,0.045408	1.600859,0.349796,-0.008385	1.534044,0.591456,0.038561	12
1.626588,-0.006203,0.228775	1.613563,-0.002914,0.130893	0.000000,0.000000,0.000000	1.607517,-0.002977,0.063431	1.590510,-0.003153,-0.126326	1.554939,-0.003560,-0.283754	1.605091,-0.140224,0.050059	1.583891,-0.359761,0.006256	1.475469,-0.574351,0.091573	1.608279,0.131673,0.045346	1.600986,0.349939,-0.008239	1.534061,0.591570,0.038862	12
1.626470,-0.006188,0.228450	1.613563,-0.002914,0.130552	0.000000,0.000000,0.000000	1.607508,-0.002977,0.063090	1.590497,-0.003153,-0.126402	1.554873,-0.003561,-0.283970	1.605086,-0.140301,0.050014	1.583953,-0.359853,0.006251	1.476310,-0.574996,0.091204	1.608253,0.131753,0.045287	1.601015,0.350075,-0.008075	1.534114,0.591704,0.039152	12
1.626378,-0.006174,0.228131	1.613563,-0.002914,0.130220	0.000000,0.000000,0.000000	1.607499,-0.002977,0.062760	1.590485,-0.003153,-0.126516	1.554804,-0.003561,-0.284191	1.605082,-0.140367,0.049977	1.584050,-0.359935,0.006249	1.477279,-0.575689,0.090728	1.608241,0.131821,0.045237	1.600950,0.350198,-0.007895	1.534207,0.591846,0.039417	12
1.626303,-0.006161,0.227833	1.613563,-0.002914,0.129911	0.000000,0.000000,0.000000	1.607492,-0.002977,0.062451	1.590473,-0.003153,-0.126650	1.554740,-0.003562,-0.284406	1.605079,-0.140417,0.049949	1.584191,-0.360004,0.006249	1.477853,-0.576013,0.090616	1.608235,0.131874,0.045197	1.600915,0.350304,-0.007716	1.534332,0.591979,0.039663	12
1.626236,-0.006148,0.227535	1.613563,-0.002914,0.129604	0.000000,0.000000,0.000000	1.607485,-0.002977,0.062144	1.590459,-0.003153,-0.126819	1.554679,-0.003562,-0.284630	1.605076,-0.140461,0.049925	1.584367,-0.360072,0.006259	1.478349,-0.576270,0.090598	1.608233,0.131922,0.045160	1.600910,0.350407,-0.007520	1.534525,0.592144,0.039919	12
1.626173,-0.006032,0.227250	1.613563,-0.002908,0.129308	0.000000,0.000000,0.000000	1.607479,-0.002972,0.061849	1.590444,-0.003153,-0.127005	1.554620,-0.003563,-0.284851	1.605074,-0.140492,0.049909	1.584582,-0.360132,0.006289	1.478884,-0.576490,0.090599	1.608231,0.131967,0.045129	1.600918,0.350527,-0.007241	1.534800,0.592347,0.040103	12
1.626122,-0.005924,0.227025	1.613563,-0.002901,0.129072	0.000000,0.000000,0.000000	1.607473,-0.002967,0.061614	1.590432,-0.003153,-0.127153	1.554576,-0.003564,-0.285023	1.605074,-0.140496,0.049908	1.584880,-0.360170,0.006323	1.479525,-0.576684,0.090613	1.608231,0.131984,0.045115	1.600928,0.350597,-0.007034	1.535051,0.592454,0.040375	12
1.626071,-0.005830,0.226814	1.613563,-0.002895,0.128853	0.000000,0.000000,0.000000	1.607468,-0.002963,0.061395	1.590419,-0.003153,-0.127304	1.554537,-0.003564,-0.285190	1.605074,-0.140493,0.049911	1.585264,-0.360211,0.006365	1.480281,-0.576880,0.090657	1.608232,0.131994,0.045105	1.600944,0.350655,-0.006847	1.535290,0.592526,0.040695	12
1.626019,-0.005771,0.226603	1.613563,-0.002889,0.128633	0.000000,0.000000,0.000000	1.607463,-0.002959,0.061175	1.590405,-0.003153,-0.127469	1.554497,-0.003565,-0.285365	1.605075,-0.140491,0.049913	1.585743,-0.360260,0.006412	1.481088,-0.577030,0.090863	1.608231,0.132004,0.045096	1.600961,0.350721,-0.006621	1.535401,0.592606,0.040993	12
1.625980,-0.005729,0.226475	1.613563,-0.002883,0.128499	0.000000,0.000000,0.000000	1.607460,-0.002954,0.061042	1.590397,-0.003153,-0.127560	1.554474,-0.003565,-0.285463	1.605077,-0.140455,0.049934	1.586315,-0.360281,0.006472	1.481944,-0.577158,0.091088	1.608232,0.131980,0.045109	1.600983,0.350752,-0.006378	1.535455,0.592668,0.041280	12
1.625949,-0.005646,0.226391	1.613563,-0.002875,0.128409	0.000000,0.000000,0.000000	1.607458,-0.002948,0.060952	1.590393,-0.003153,-0.127616	1.554461,-0.003565,-0.285526	1.605080,-0.140404,0.049964	1.586995,-0.360295,0.006544	1.483103,-0.577558,0.091192	1.608234,0.131945,0.045130	1.601010,0.350741,-0.006257	1.535625,0.592830,0.041492	12
1.625920,-0.005538,0.226331	1.613563,-0.002863,0.128342	0.000000,0.000000,0.000000	1.607457,-0.002940,0.060885	1.590389,-0.003153,-0.127656	1.554451,-0.003565,-0.285571	1.605084,-0.140348,0.049997	1.587763,-0.360304,0.006598	1.484186,-0.577983,0.091374	1.608236,0.131906,0.045153	1.601042,0.350710,-0.006206	1.535810,0.593134,0.041493	12
1.625898,-0.005425,0.226325	1.613563,-0.002845,0.128331	0.000000,0.000000,0.000000	1.607457,-0.002926,0.060874	1.590390,-0.003153,-0.127647	1.554452,-0.003566,-0.285567	1.605089,-0.140270,0.050042	1.588544,-0.360275,0.006585	1.485214,-0.578272,0.091700	1.608238,0.131858,0.045184	1.601077,0.350656,-0.006209	1.535861,0.593385,0.041481	12
1.625881,-0.005315,0.226343	1.613563,-0.002821,0.128345	0.000000,0.000000,0.000000	1.607457,-0.002908,0.060888	1.590393,-0.003152,-0.127617	1.554458,-0.003566,-0.285541	1.605094,-0.140187,0.050089	1.589331,-0.360243,0.006597	1.486204,-0.578510,0.092006	1.608240,0.131812,0.045214	1.601116,0.350596,-0.006237	1.535840,0.593568,0.041453	12
1.625868,-0.005211,0.226401	1.613563,-0.002796,0.128399	0.000000,0.000000,0.000000	1.607458,-0.002890,0.060942	1.590399,-0.003151,-0.127551	1.554471,-0.003565,-0.285479	1.605100,-0.140096,0.050141	1.590150,-0.360199,0.006601	1.486719,-0.578328,0.092547	1.608242,0.131758,0.045249	1.601158,0.350528,-0.006271	1.535812,0.593678,0.041408	12
1.625851,-0.005105,0.226444	1.613563,-0.002771,0.128439	0.000000,0.000000,0.000000	1.607459,-0.002871,0.060982	1.590404,-0.003151,-0.127502	1.554482,-0.003565,-0.285433	1.605105,-0.140019,0.050184	1.590970,-0.360167,0.006595	1.486018,-0.577511,0.093125	1.608243,0.131720,0.045274	1.601205,0.350475,-0.006314	1.535835,0.593789,0.041319	12
1.625830,-0.005032,0.226465	1.613563,-0.002746,0.128455	0.000000,0.000000,0.000000	1.607460,-0.002852,0.060998	1.590406,-0.003150,-0.127478	1.554486,-0.003566,-0.285411	1.605109,-0.139959,0.050218	1.591746,-0.360148,0.006596	1.485069,-0.576725,0.093352	1.608244,0.131698,0.045289	1.601255,0.350440,-0.006361	1.535888,0.593916,0.041201	12
1.625806,-0.004980,0.226468	1.613563,-0.002720,0.128455	0.000000,0.000000,0.000000	1.607460,-0.002833,0.060998	1.590407,-0.003149,-0.127472	1.554488,-0.003566,-0.285406	1.605112,-0.139911,0.050246	1.592103,-0.360118,0.006604	1.484798,-0.576653,0.093107	1.608245,0.131689,0.045295	1.601306,0.350418,-0.006418	1.535952,0.594054,0.041075	12
1.625782,-0.004952,0.226464	1.613563,-0.002696,0.128448	0.000000,0.000000,0.000000	1.607460,-0.002815,0.060991	1.590407,-0.003149,-0.127475	1.554487,-0.003566,-0.285410	1.605115,-0.139872,0.050268	1.592232,-0.360086,0.006626	1.484567,-0.576692,0.092933	1.608245,0.131687,0.045298	1.601353,0.350403,-0.006472	1.536041,0.594221,0.040919	12
1.625757,-0.004937,0.226451	1.613563,-0.002668,0.128432	0.000000,0.000000,0.000000	1.607459,-0.002795,0.060975	1.590405,-0.003148,-0.127487	1.554484,-0.003566,-0.285421	1.605118,-0.139837,0.050287	1.592250,-0.360053,0.006648	1.484193,-0.576714,0.092777	1.608245,0.131694,0.045294	1.601414,0.350396,-0.006547	1.536132,0.594398,0.040748	12
