joint_position_head	joint_position_neck	joint_position_shoulder	joint_position_spine_top	joint_position_spine_mid	joint_position_spine_bottom	joint_position_left_shoulder	joint_position_left_elbow	joint_position_left_hand	joint_position_right_shoulder	joint_position_right_elbow	joint_position_right_hand	
XYZ order
1.535243,0.113820,0.258189	1.547384,0.107746,0.161924	0.000000,0.000000,0.000000	1.550520,0.105747,0.092604	1.559571,0.099980,-0.107449	1.515812,0.096645,-0.271369	1.551964,-0.045311,0.097330	1.471071,-0.186293,0.260713	1.387905,-0.047657,0.462715	1.543285,0.260172,0.095818	1.477070,0.427144,0.240205	1.397521,0.313520,0.458624	12
1.533714,0.113687,0.258087	1.547361,0.107728,0.161943	0.000000,0.000000,0.000000	1.550352,0.105773,0.092699	1.558998,0.100121,-0.107477	1.515511,0.096634,-0.271428	1.550929,-0.045261,0.097431	1.468435,-0.185738,0.260058	1.385685,-0.048750,0.461268	1.542989,0.260054,0.095923	1.476533,0.427240,0.239515	1.398044,0.314361,0.456769	12
1.531790,0.113530,0.257929	1.547309,0.107698,0.161956	0.000000,0.000000,0.000000	1.550147,0.105789,0.092788	1.558364,0.100263,-0.107487	1.515184,0.096623,-0.271465	1.549720,-0.045209,0.097470	1.465597,-0.185163,0.259320	1.382533,-0.049846,0.459789	1.542761,0.259932,0.096001	1.476005,0.427072,0.239064	1.398300,0.314817,0.455308	12
1.529620,0.113364,0.257739	1.547221,0.107673,0.161965	0.000000,0.000000,0.000000	1.549911,0.105814,0.092874	1.557710,0.100422,-0.107478	1.514850,0.096612,-0.271481	1.548490,-0.045147,0.097484	1.463659,-0.184782,0.258850	1.378481,-0.051048,0.458036	1.542538,0.259821,0.096061	1.475439,0.426787,0.238722	1.398347,0.315114,0.454146	12
1.527472,0.113192,0.257569	1.547059,0.107656,0.161972	0.000000,0.000000,0.000000	1.549619,0.105844,0.092958	1.557052,0.100580,-0.107450	1.514513,0.096601,-0.271475	1.547294,-0.045080,0.097491	1.462205,-0.184494,0.258516	1.375998,-0.051861,0.456796	1.542296,0.259727,0.096106	1.474867,0.426467,0.238425	1.398197,0.315332,0.453160	12
1.525861,0.112497,0.257513	1.546776,0.107645,0.161975	0.000000,0.000000,0.000000	1.549175,0.105868,0.093040	1.556151,0.100699,-0.107419	1.513925,0.096569,-0.271463	1.546500,-0.044881,0.097187	1.461875,-0.184173,0.258161	1.375054,-0.052481,0.455781	1.541706,0.259641,0.096148	1.474298,0.426228,0.238205	1.397818,0.315501,0.452271	12
1.524653,0.111547,0.257536	1.546366,0.107639,0.161978	0.000000,0.000000,0.000000	1.548620,0.105888,0.093121	1.555180,0.100790,-0.107385	1.513225,0.096543,-0.271437	1.545955,-0.044705,0.096928	1.461846,-0.183903,0.257853	1.374840,-0.052929,0.454983	1.540997,0.259569,0.096190	1.473653,0.426014,0.237992	1.397152,0.315671,0.451428	12
1.523674,0.110786,0.257584	1.545897,0.107635,0.161980	0.000000,0.000000,0.000000	1.548044,0.105908,0.093204	1.554304,0.100870,-0.107348	1.512504,0.096527,-0.271385	1.545532,-0.044625,0.096922	1.461838,-0.183795,0.257689	1.374934,-0.053188,0.454324	1.540279,0.259496,0.096238	1.472938,0.425808,0.237745	1.396148,0.315802,0.450526	12
1.522788,0.110169,0.257641	1.545353,0.107634,0.161982	0.000000,0.000000,0.000000	1.547405,0.105921,0.093287	1.553397,0.100918,-0.107316	1.511750,0.096516,-0.271341	1.545108,-0.044598,0.097090	1.461793,-0.183794,0.257631	1.375121,-0.053353,0.453774	1.539544,0.259412,0.096295	1.472216,0.425605,0.237493	1.394794,0.315876,0.449536	12
1.522173,0.109727,0.257749	1.544760,0.107632,0.161984	0.000000,0.000000,0.000000	1.546789,0.105914,0.093373	1.552722,0.100891,-0.107249	1.511144,0.096485,-0.271279	1.544667,-0.044552,0.097220	1.461763,-0.183773,0.257551	1.375306,-0.053489,0.453251	1.539142,0.259460,0.096631	1.471400,0.425546,0.237300	1.393066,0.316072,0.448546	12
1.521799,0.109398,0.257906	1.544097,0.107632,0.161986	0.000000,0.000000,0.000000	1.546163,0.105899,0.093460	1.552214,0.100828,-0.107139	1.510655,0.096443,-0.271211	1.544214,-0.044483,0.097293	1.461719,-0.183714,0.257438	1.375437,-0.053593,0.452742	1.538912,0.259450,0.096808	1.471072,0.425456,0.237082	1.390895,0.316400,0.447306	12
1.521470,0.109256,0.258063	1.543380,0.107632,0.161988	0.000000,0.000000,0.000000	1.545532,0.105892,0.093537	1.551839,0.100794,-0.107026	1.510225,0.096429,-0.271158	1.543758,-0.044401,0.097328	1.461661,-0.183655,0.257314	1.375479,-0.053648,0.452240	1.538758,0.259409,0.096895	1.470946,0.425350,0.236866	1.388597,0.316887,0.446093	12
1.521113,0.109236,0.258232	1.542641,0.107632,0.161993	0.000000,0.000000,0.000000	1.544929,0.105890,0.093607	1.551638,0.100782,-0.106938	1.509828,0.096431,-0.271127	1.543346,-0.044313,0.097344	1.461562,-0.183595,0.257178	1.375446,-0.053682,0.451784	1.538640,0.259363,0.096965	1.470900,0.425268,0.236685	1.386744,0.317339,0.445090	12
1.520733,0.109258,0.258409	1.541881,0.107631,0.161999	0.000000,0.000000,0.000000	1.544325,0.105889,0.093668	1.551496,0.100777,-0.106889	1.509379,0.096436,-0.271132	1.542919,-0.044224,0.097351	1.461420,-0.183555,0.257054	1.375363,-0.053699,0.451392	1.538530,0.259311,0.097018	1.470867,0.425205,0.236521	1.385663,0.317621,0.444373	12
1.520456,0.109286,0.258628	1.541094,0.107631,0.162005	0.000000,0.000000,0.000000	1.543718,0.105890,0.093722	1.551426,0.100774,-0.106888	1.508898,0.096439,-0.271172	1.542435,-0.044138,0.097358	1.461208,-0.183537,0.256952	1.375219,-0.053663,0.451042	1.538416,0.259252,0.097051	1.470862,0.425194,0.236335	1.385522,0.317755,0.443961	12
1.520249,0.109306,0.258880	1.540311,0.107631,0.162012	0.000000,0.000000,0.000000	1.543123,0.105891,0.093768	1.551392,0.100772,-0.106930	1.508417,0.096440,-0.271251	1.541922,-0.044056,0.097366	1.460946,-0.183545,0.256859	1.375021,-0.053592,0.450710	1.538291,0.259191,0.097077	1.470852,0.425204,0.236159	1.385817,0.317799,0.443728	12
1.520122,0.109321,0.259142	1.539540,0.107631,0.162019	0.000000,0.000000,0.000000	1.542538,0.105891,0.093808	1.551363,0.100768,-0.106982	1.507979,0.096438,-0.271360	1.541548,-0.043974,0.097372	1.460617,-0.183517,0.256721	1.374777,-0.053528,0.450415	1.538164,0.259128,0.097101	1.470858,0.425166,0.236080	1.385965,0.317810,0.443570	12
1.520029,0.109331,0.259386	1.538772,0.107631,0.162026	0.000000,0.000000,0.000000	1.541953,0.105891,0.093844	1.551326,0.100764,-0.107013	1.507603,0.096434,-0.271466	1.541061,-0.043894,0.097376	1.460276,-0.183529,0.256621	1.374516,-0.053481,0.450173	1.538029,0.259065,0.097125	1.470854,0.425091,0.236070	1.385956,0.317826,0.443476	12
1.519979,0.109337,0.259597	1.538017,0.107631,0.162033	0.000000,0.000000,0.000000	1.541378,0.105891,0.093876	1.551284,0.100760,-0.107001	1.507318,0.096431,-0.271557	1.540727,-0.043813,0.097380	1.459919,-0.183521,0.256471	1.374367,-0.053700,0.450157	1.537894,0.259001,0.097149	1.470839,0.425000,0.236096	1.385841,0.317838,0.443410	12
1.519950,0.109341,0.259770	1.537252,0.107631,0.162036	0.000000,0.000000,0.000000	1.540795,0.105891,0.093901	1.551240,0.100759,-0.106956	1.507173,0.096428,-0.271637	1.540221,-0.043738,0.097385	1.459529,-0.183583,0.256351	1.374184,-0.053945,0.450161	1.537751,0.258938,0.097173	1.470795,0.424873,0.236173	1.385653,0.317782,0.443381	12
1.519932,0.109343,0.259906	1.536487,0.107631,0.162037	0.000000,0.000000,0.000000	1.540212,0.105891,0.093923	1.551194,0.100760,-0.106893	1.507153,0.096425,-0.271707	1.539646,-0.043657,0.097376	1.459181,-0.183714,0.256221	1.373968,-0.054252,0.450137	1.537603,0.258872,0.097199	1.470732,0.424745,0.236256	1.385417,0.317704,0.443353	12
1.519921,0.109345,0.260008	1.535742,0.107631,0.162038	0.000000,0.000000,0.000000	1.539652,0.105891,0.093943	1.551179,0.100761,-0.106821	1.507202,0.096423,-0.271748	1.539418,-0.043582,0.097390	1.458689,-0.183728,0.255982	1.373717,-0.054582,0.450158	1.537455,0.258809,0.097223	1.470641,0.424588,0.236374	1.385152,0.317570,0.443357	12
1.519914,0.109346,0.260082	1.535008,0.107631,0.162039	0.000000,0.000000,0.000000	1.539106,0.105892,0.093961	1.551187,0.100763,-0.106744	1.507282,0.096422,-0.271762	1.539376,-0.043513,0.097414	1.458006,-0.183643,0.255660	1.373383,-0.054958,0.450249	1.537298,0.258750,0.097245	1.470518,0.424395,0.236535	1.384827,0.317364,0.443386	12
1.519910,0.109347,0.260133	1.534307,0.107631,0.162039	0.000000,0.000000,0.000000	1.538588,0.105892,0.093978	1.551207,0.100765,-0.106666	1.507374,0.096422,-0.271756	1.539482,-0.043447,0.097440	1.457333,-0.183532,0.255297	1.372973,-0.055471,0.450375	1.537146,0.258697,0.097264	1.470366,0.424173,0.236726	1.384460,0.317121,0.443444	12
1.519908,0.109347,0.260166	1.533628,0.107631,0.162040	0.000000,0.000000,0.000000	1.538088,0.105893,0.093994	1.551235,0.100768,-0.106590	1.507468,0.096421,-0.271734	1.539631,-0.043383,0.097466	1.456598,-0.183401,0.254898	1.372490,-0.056106,0.450556	1.536993,0.258650,0.097280	1.470185,0.423932,0.236935	1.384058,0.316836,0.443510	12
1.519908,0.109348,0.260187	1.532975,0.107631,0.162040	0.000000,0.000000,0.000000	1.537608,0.105893,0.094010	1.551263,0.100770,-0.106515	1.507558,0.096421,-0.271702	1.539690,-0.043328,0.097488	1.455887,-0.183328,0.254513	1.371939,-0.056777,0.450700	1.536842,0.258608,0.097294	1.469990,0.423703,0.237131	1.383655,0.316543,0.443564	12
1.519908,0.109348,0.260198	1.532337,0.107631,0.162041	0.000000,0.000000,0.000000	1.537138,0.105893,0.094025	1.551291,0.100771,-0.106443	1.507612,0.096422,-0.271655	1.539678,-0.043278,0.097507	1.455761,-0.183456,0.254300	1.371351,-0.057522,0.450667	1.536695,0.258571,0.097307	1.469835,0.423592,0.237214	1.383333,0.316325,0.443505	12
1.519910,0.109348,0.260207	1.531666,0.107631,0.162042	0.000000,0.000000,0.000000	1.536645,0.105894,0.094040	1.551319,0.100773,-0.106370	1.507645,0.096423,-0.271596	1.539626,-0.043231,0.097524	1.455919,-0.183733,0.254129	1.370809,-0.058378,0.450550	1.536535,0.258538,0.097320	1.469699,0.423547,0.237240	1.383255,0.316249,0.443525	12
1.519911,0.109348,0.260211	1.530989,0.107631,0.162042	0.000000,0.000000,0.000000	1.536147,0.105894,0.094056	1.551348,0.100775,-0.106296	1.507670,0.096423,-0.271531	1.539599,-0.043185,0.097539	1.456187,-0.184066,0.253951	1.370290,-0.059389,0.450449	1.536379,0.258508,0.097332	1.469542,0.423522,0.237236	1.383233,0.316188,0.443548	12
