joint_position_head	joint_position_neck	joint_position_shoulder	joint_position_spine_top	joint_position_spine_mid	joint_position_spine_bottom	joint_position_left_shoulder	joint_position_left_elbow	joint_position_left_hand	joint_position_right_shoulder	joint_position_right_elbow	joint_position_right_hand	
XYZ order
1.653945,-0.003001,0.242573	1.653761,-0.002437,0.143936	0.000000,0.000000,0.000000	1.642091,-0.001223,0.077227	1.609804,0.002138,-0.107347	1.572867,0.002336,-0.257635	1.631059,-0.135639,0.098850	1.525634,-0.249609,0.261413	1.539239,-0.058118,0.415748	1.649437,0.132150,0.097477	1.517791,0.278602,0.205881	1.500027,0.133038,0.403828	12
1.653945,-0.002992,0.242167	1.653761,-0.002427,0.143498	0.000000,0.000000,0.000000	1.642082,-0.001232,0.076790	1.609722,0.002081,-0.108052	1.572912,0.002340,-0.258364	1.631073,-0.135796,0.098765	1.525982,-0.249710,0.261605	1.539008,-0.056937,0.414404	1.649433,0.132299,0.097311	1.518168,0.278856,0.206067	1.499621,0.133573,0.404146	12
1.653945,-0.002988,0.241752	1.653761,-0.002416,0.143057	0.000000,0.000000,0.000000	1.642069,-0.001241,0.076352	1.609629,0.002019,-0.108736	1.572912,0.002345,-0.259189	1.631094,-0.135941,0.098685	1.526131,-0.249743,0.261702	1.538920,-0.056562,0.414022	1.649430,0.132428,0.097123	1.518367,0.278982,0.206152	1.499269,0.134360,0.404660	12
1.653945,-0.003006,0.241335	1.653761,-0.002408,0.142619	0.000000,0.000000,0.000000	1.642051,-0.001255,0.075916	1.609524,0.001947,-0.109375	1.572788,0.002353,-0.259958	1.631116,-0.136075,0.098609	1.526224,-0.249683,0.261820	1.538849,-0.056208,0.413787	1.649426,0.132543,0.096946	1.518467,0.279047,0.206187	1.498564,0.135633,0.405485	12
1.653945,-0.003035,0.241062	1.653761,-0.002401,0.142330	0.000000,0.000000,0.000000	1.642038,-0.001265,0.075629	1.609442,0.001894,-0.109825	1.572630,0.002359,-0.260475	1.631144,-0.136158,0.098545	1.526323,-0.249542,0.261968	1.538780,-0.055868,0.413696	1.649425,0.132610,0.096805	1.518532,0.279082,0.206185	1.497467,0.136792,0.406168	12
1.653945,-0.003073,0.240918	1.653761,-0.002397,0.142173	0.000000,0.000000,0.000000	1.642028,-0.001274,0.075474	1.609380,0.001851,-0.110126	1.572469,0.002366,-0.260761	1.631176,-0.136199,0.098514	1.526442,-0.249348,0.262164	1.538721,-0.055707,0.413946	1.649421,0.132710,0.096938	1.518476,0.279206,0.206234	1.497410,0.138432,0.407285	12
1.653945,-0.003111,0.240860	1.653761,-0.002395,0.142104	0.000000,0.000000,0.000000	1.642024,-0.001284,0.075406	1.609329,0.001814,-0.110388	1.572315,0.002372,-0.260937	1.631212,-0.136204,0.098493	1.526563,-0.249113,0.262371	1.538662,-0.055606,0.414336	1.649418,0.132813,0.097217	1.518366,0.279369,0.206315	1.498093,0.140912,0.409040	12
1.653945,-0.003150,0.240846	1.653761,-0.002394,0.142082	0.000000,0.000000,0.000000	1.642023,-0.001289,0.075383	1.609274,0.001794,-0.110722	1.572146,0.002376,-0.261118	1.631245,-0.136183,0.098481	1.526668,-0.248847,0.262579	1.538593,-0.055506,0.414767	1.649415,0.132922,0.097607	1.518284,0.279627,0.206418	1.498410,0.141883,0.409679	12
1.653945,-0.003187,0.240850	1.653761,-0.002394,0.142080	0.000000,0.000000,0.000000	1.642027,-0.001293,0.075381	1.609208,0.001786,-0.111170	1.571954,0.002380,-0.261353	1.631272,-0.136145,0.098474	1.526752,-0.248578,0.262770	1.538421,-0.055348,0.415118	1.649412,0.133020,0.098026	1.518224,0.279910,0.206523	1.498349,0.141351,0.409228	12
1.653944,-0.003212,0.240861	1.653761,-0.002394,0.142086	0.000000,0.000000,0.000000	1.642032,-0.001291,0.075385	1.609131,0.001803,-0.111723	1.571745,0.002382,-0.261648	1.631236,-0.136087,0.098473	1.526806,-0.248321,0.262966	1.538096,-0.055015,0.415245	1.649409,0.133095,0.098414	1.518237,0.280233,0.206599	1.497838,0.139680,0.407861	12
1.653944,-0.003225,0.240871	1.653760,-0.002393,0.142092	0.000000,0.000000,0.000000	1.642038,-0.001286,0.075390	1.609038,0.001832,-0.112381	1.571512,0.002382,-0.262008	1.631216,-0.136032,0.098476	1.526842,-0.247978,0.263203	1.537742,-0.055817,0.416942	1.649410,0.133095,0.098573	1.518404,0.280487,0.206620	1.497184,0.139329,0.407380	12
1.653941,-0.003221,0.239834	1.653760,-0.002393,0.142097	0.000000,0.000000,0.000000	1.641999,-0.001277,0.075402	1.608785,0.001876,-0.112941	1.571101,0.002382,-0.262262	1.631198,-0.135980,0.098479	1.526759,-0.247643,0.263359	1.538003,-0.057008,0.418954	1.649410,0.133073,0.098655	1.518641,0.280742,0.206614	1.496485,0.139530,0.407239	12
1.653937,-0.003210,0.238512	1.653759,-0.002391,0.142101	0.000000,0.000000,0.000000	1.641934,-0.001266,0.075418	1.608469,0.001920,-0.113305	1.570695,0.002381,-0.262415	1.631182,-0.135932,0.098479	1.526382,-0.247468,0.263218	1.538197,-0.060796,0.423435	1.649411,0.133038,0.098674	1.518945,0.281016,0.206578	1.495562,0.139827,0.407081	12
1.653934,-0.003196,0.237301	1.653743,-0.002389,0.142104	0.000000,0.000000,0.000000	1.641873,-0.001257,0.075429	1.608236,0.001951,-0.113527	1.570411,0.002381,-0.262511	1.631162,-0.135889,0.098479	1.525908,-0.247303,0.263012	1.536914,-0.058900,0.421263	1.649413,0.133000,0.098667	1.519263,0.281237,0.206599	1.494397,0.140141,0.406988	12
1.653932,-0.003183,0.236366	1.653712,-0.002386,0.142106	0.000000,0.000000,0.000000	1.641822,-0.001250,0.075435	1.608099,0.001969,-0.113654	1.570246,0.002380,-0.262581	1.631142,-0.135852,0.098475	1.525326,-0.247148,0.262728	1.535126,-0.054670,0.418941	1.649414,0.132965,0.098653	1.519689,0.281425,0.206791	1.492822,0.139212,0.408348	12
1.653930,-0.003172,0.235733	1.653673,-0.002383,0.142108	0.000000,0.000000,0.000000	1.641782,-0.001246,0.075436	1.608045,0.001979,-0.113725	1.570160,0.002379,-0.262637	1.631121,-0.135820,0.098470	1.524678,-0.246995,0.262400	1.533716,-0.054837,0.420056	1.649415,0.132934,0.098639	1.520240,0.281591,0.207168	1.491316,0.138990,0.408917	12
1.653928,-0.003164,0.235372	1.653630,-0.002380,0.142109	0.000000,0.000000,0.000000	1.641749,-0.001243,0.075436	1.608037,0.001984,-0.113761	1.570114,0.002379,-0.262682	1.631097,-0.135794,0.098475	1.523956,-0.246833,0.262043	1.531805,-0.056933,0.422417	1.649416,0.132913,0.098646	1.520903,0.281616,0.207895	1.489939,0.139662,0.409761	12
1.653926,-0.003158,0.235234	1.653576,-0.002377,0.142111	0.000000,0.000000,0.000000	1.641715,-0.001240,0.075435	1.608057,0.001987,-0.113776	1.570083,0.002379,-0.262722	1.631070,-0.135772,0.098484	1.523082,-0.246603,0.261636	1.529419,-0.057790,0.422911	1.649416,0.132898,0.098663	1.521760,0.281403,0.209173	1.488748,0.141449,0.411724	12
1.653923,-0.003154,0.235272	1.653521,-0.002373,0.142113	0.000000,0.000000,0.000000	1.641680,-0.001237,0.075433	1.608081,0.001989,-0.113769	1.570054,0.002379,-0.262755	1.631043,-0.135752,0.098498	1.522776,-0.245560,0.260061	1.526682,-0.058889,0.423308	1.649417,0.132886,0.098690	1.523407,0.279718,0.210234	1.486919,0.143383,0.414160	12
1.653919,-0.003151,0.235455	1.653459,-0.002371,0.142126	0.000000,0.000000,0.000000	1.641638,-0.001234,0.075442	1.608103,0.001991,-0.113733	1.570023,0.002378,-0.262769	1.631014,-0.135730,0.098520	1.522506,-0.244184,0.258111	1.524908,-0.057533,0.422276	1.649417,0.132870,0.098724	1.524971,0.277782,0.210612	1.484997,0.144225,0.416397	12
1.653915,-0.003150,0.235744	1.653392,-0.002369,0.142146	0.000000,0.000000,0.000000	1.641584,-0.001232,0.075460	1.608096,0.001994,-0.113672	1.570003,0.002378,-0.262779	1.630985,-0.135706,0.098544	1.521981,-0.242739,0.256158	1.522986,-0.058123,0.423333	1.649418,0.132849,0.098764	1.526220,0.275970,0.210659	1.481840,0.142353,0.416099	12
1.653906,-0.003149,0.236122	1.653309,-0.002369,0.142174	0.000000,0.000000,0.000000	1.641510,-0.001230,0.075486	1.608061,0.001997,-0.113569	1.569992,0.002378,-0.262790	1.630949,-0.135675,0.098566	1.521078,-0.241350,0.254348	1.520948,-0.058442,0.423984	1.649418,0.132821,0.098809	1.527141,0.274393,0.210679	1.477312,0.137735,0.413281	12
1.653897,-0.003150,0.236529	1.653207,-0.002369,0.142204	0.000000,0.000000,0.000000	1.641416,-0.001229,0.075515	1.608011,0.002002,-0.113424	1.569987,0.002377,-0.262802	1.630911,-0.135638,0.098587	1.519873,-0.240028,0.252680	1.519206,-0.058484,0.424276	1.649418,0.132786,0.098856	1.527600,0.273299,0.210167	1.476208,0.140931,0.415614	12
1.653886,-0.003151,0.236949	1.653082,-0.002369,0.142252	0.000000,0.000000,0.000000	1.641301,-0.001227,0.075561	1.607952,0.002006,-0.113225	1.569989,0.002376,-0.262802	1.630871,-0.135593,0.098616	1.518668,-0.238899,0.251294	1.518561,-0.058289,0.424329	1.649418,0.132738,0.098907	1.527759,0.272272,0.209823	1.476203,0.145666,0.419173	12
1.653867,-0.003153,0.237364	1.652926,-0.002368,0.142312	0.000000,0.000000,0.000000	1.641161,-0.001225,0.075619	1.607893,0.002010,-0.112978	1.569995,0.002376,-0.262792	1.630828,-0.135561,0.098715	1.517618,-0.237870,0.250414	1.518236,-0.058290,0.424687	1.649418,0.132680,0.098963	1.527704,0.271284,0.209731	1.476508,0.149712,0.422305	12
1.653847,-0.003158,0.238097	1.652751,-0.002368,0.142776	0.000000,0.000000,0.000000	1.641027,-0.001224,0.076076	1.607894,0.002008,-0.112426	1.570065,0.002375,-0.262514	1.630803,-0.135490,0.099068	1.517857,-0.237262,0.250742	1.517716,-0.059105,0.425920	1.649420,0.132575,0.099272	1.527312,0.270362,0.209823	1.474738,0.148301,0.421375	12
1.653757,-0.004062,0.239608	1.652561,-0.002368,0.143917	0.000000,0.000000,0.000000	1.640897,-0.001235,0.077205	1.607939,0.001966,-0.111296	1.569999,0.002378,-0.261620	1.630185,-0.135996,0.102448	1.517757,-0.237749,0.253919	1.517313,-0.059636,0.428339	1.648884,0.132720,0.101275	1.526059,0.270201,0.210581	1.473486,0.147152,0.420912	12
1.653473,-0.005458,0.241793	1.652332,-0.002368,0.145674	0.000000,0.000000,0.000000	1.640745,-0.001250,0.078949	1.607978,0.001912,-0.109747	1.569836,0.002355,-0.260270	1.629547,-0.136109,0.105197	1.518571,-0.237856,0.257157	1.516690,-0.059530,0.430532	1.647650,0.132882,0.104081	1.524191,0.270453,0.211747	1.471788,0.145856,0.420533	12
1.653121,-0.007040,0.244505	1.652072,-0.002368,0.148154	0.000000,0.000000,0.000000	1.640530,-0.001268,0.081420	1.607821,0.001849,-0.107709	1.569600,0.002326,-0.258451	1.629266,-0.135890,0.107270	1.519536,-0.238016,0.259322	1.515889,-0.060152,0.432430	1.645785,0.132450,0.105709	1.522512,0.270189,0.212587	1.469671,0.144976,0.420307	12
1.652738,-0.008630,0.247177	1.651789,-0.002368,0.150873	0.000000,0.000000,0.000000	1.640280,-0.001289,0.084134	1.607557,0.001779,-0.105627	1.569311,0.002296,-0.256554	1.629178,-0.135509,0.108801	1.520285,-0.238488,0.260130	1.514881,-0.062257,0.434269	1.642832,0.131669,0.106665	1.520713,0.269946,0.213106	1.467684,0.144295,0.420030	12
