joint_position_head	joint_position_neck	joint_position_shoulder	joint_position_spine_top	joint_position_spine_mid	joint_position_spine_bottom	joint_position_left_shoulder	joint_position_left_elbow	joint_position_left_hand	joint_position_right_shoulder	joint_position_right_elbow	joint_position_right_hand	
XYZ order
1.853138,0.035348,0.176811	1.808674,0.031176,0.065323	0.000000,0.000000,0.000000	1.771498,0.032901,-0.000433	1.659229,0.038088,-0.196067	1.555868,0.035716,-0.346859	1.815725,-0.117218,-0.003105	1.904247,-0.335431,0.063371	1.922709,-0.292641,0.334190	1.821376,0.183108,0.006096	1.876601,0.409452,0.080866	1.926388,0.376716,0.349127	12
1.853598,0.035346,0.176765	1.808674,0.031186,0.065323	0.000000,0.000000,0.000000	1.771332,0.032911,-0.000339	1.659327,0.038065,-0.196124	1.555436,0.035763,-0.346645	1.815736,-0.117215,-0.003103	1.904288,-0.335483,0.063327	1.922811,-0.292494,0.334110	1.821382,0.183123,0.006091	1.876782,0.409484,0.080835	1.926968,0.376689,0.349015	12
1.854066,0.035345,0.176726	1.808674,0.031196,0.065323	0.000000,0.000000,0.000000	1.771254,0.032918,-0.000296	1.659385,0.038055,-0.196158	1.555472,0.035791,-0.346710	1.815740,-0.117212,-0.003102	1.904327,-0.335520,0.063334	1.923004,-0.292384,0.334083	1.821388,0.183137,0.006085	1.877003,0.409513,0.080790	1.927603,0.376680,0.348888	12
1.854521,0.035344,0.176698	1.808673,0.031207,0.065323	0.000000,0.000000,0.000000	1.771167,0.032924,-0.000247	1.658989,0.038044,-0.195932	1.555600,0.035803,-0.346840	1.815743,-0.117210,-0.003101	1.904369,-0.335556,0.063337	1.923304,-0.292097,0.334017	1.821393,0.183152,0.006079	1.877255,0.409537,0.080732	1.928236,0.376682,0.348755	12
1.854546,0.035302,0.175550	1.808673,0.031222,0.065323	0.000000,0.000000,0.000000	1.771062,0.032932,-0.000186	1.658501,0.038030,-0.195653	1.555694,0.035807,-0.346952	1.815744,-0.117204,-0.003098	1.904396,-0.335591,0.063348	1.923538,-0.291944,0.333983	1.821397,0.183173,0.006071	1.877526,0.409571,0.080636	1.928916,0.376694,0.348578	12
1.854400,0.035246,0.174012	1.808673,0.031246,0.065323	0.000000,0.000000,0.000000	1.770907,0.032946,-0.000098	1.657726,0.038009,-0.195206	1.554939,0.035815,-0.346505	1.815744,-0.117193,-0.003093	1.904426,-0.335610,0.063367	1.923561,-0.291861,0.333986	1.821400,0.183201,0.006058	1.877784,0.409611,0.080534	1.929643,0.376693,0.348381	12
1.854229,0.035191,0.172482	1.808672,0.031275,0.065323	0.000000,0.000000,0.000000	1.770721,0.032962,0.000010	1.656915,0.037984,-0.194737	1.553117,0.035832,-0.345327	1.815742,-0.117178,-0.003087	1.904431,-0.335602,0.063384	1.923489,-0.291821,0.334003	1.821402,0.183236,0.006042	1.877928,0.409671,0.080374	1.930557,0.376683,0.348061	12
1.854152,0.035143,0.171109	1.808671,0.031307,0.065323	0.000000,0.000000,0.000000	1.770509,0.032980,0.000132	1.656025,0.037959,-0.194218	1.551130,0.035850,-0.344037	1.815741,-0.117164,-0.003080	1.904424,-0.335564,0.063393	1.923360,-0.291816,0.334026	1.821405,0.183274,0.006024	1.878011,0.409722,0.080178	1.931879,0.376805,0.347627	12
1.854144,0.035104,0.169959	1.808670,0.031338,0.065323	0.000000,0.000000,0.000000	1.770276,0.032997,0.000268	1.655056,0.037935,-0.193648	1.549659,0.035861,-0.343114	1.815740,-0.117151,-0.003074	1.904398,-0.335512,0.063338	1.923216,-0.291849,0.333993	1.821408,0.183313,0.006005	1.878080,0.409762,0.079906	1.933523,0.377053,0.347057	12
1.854260,0.035072,0.168993	1.808669,0.031369,0.065323	0.000000,0.000000,0.000000	1.770028,0.033012,0.000413	1.654055,0.037893,-0.193054	1.548772,0.035831,-0.342605	1.815739,-0.117139,-0.003069	1.904347,-0.335443,0.063261	1.923087,-0.291900,0.333940	1.821411,0.183353,0.005986	1.878163,0.409777,0.079600	1.935195,0.377374,0.346454	12
1.854317,0.035048,0.168254	1.808667,0.031400,0.065322	0.000000,0.000000,0.000000	1.769860,0.033027,0.000512	1.653679,0.037871,-0.192831	1.548373,0.035777,-0.342400	1.815738,-0.117129,-0.003065	1.904291,-0.335352,0.063184	1.922969,-0.291960,0.333893	1.821415,0.183394,0.005967	1.878271,0.409836,0.079062	1.935936,0.377675,0.345812	12
1.854305,0.035032,0.167700	1.808666,0.031432,0.065319	0.000000,0.000000,0.000000	1.769782,0.033047,0.000554	1.653643,0.037862,-0.192817	1.548294,0.035732,-0.342382	1.815735,-0.117119,-0.003065	1.904228,-0.335253,0.063093	1.922839,-0.292022,0.333832	1.821419,0.183437,0.005945	1.878378,0.409937,0.078357	1.936316,0.378019,0.345078	12
1.854247,0.035021,0.167281	1.808665,0.031465,0.065308	0.000000,0.000000,0.000000	1.769756,0.033068,0.000558	1.653645,0.037853,-0.192837	1.548379,0.035696,-0.342465	1.815725,-0.117027,-0.003275	1.904124,-0.334985,0.062968	1.922699,-0.292156,0.333773	1.821417,0.183403,0.005682	1.878473,0.410018,0.077080	1.936458,0.378388,0.343825	12
1.854222,0.035019,0.166899	1.808664,0.031500,0.065257	0.000000,0.000000,0.000000	1.769773,0.033093,0.000495	1.653805,0.037851,-0.193020	1.548532,0.035665,-0.342618	1.815694,-0.116479,-0.004643	1.903828,-0.334034,0.062546	1.922770,-0.292669,0.333550	1.821388,0.183047,0.004389	1.878590,0.409697,0.074891	1.936752,0.378894,0.341693	12
1.854239,0.035022,0.165859	1.808663,0.031534,0.064494	0.000000,0.000000,0.000000	1.769803,0.033116,-0.000286	1.653906,0.037829,-0.194445	1.548692,0.035623,-0.343482	1.815642,-0.115435,-0.007992	1.903276,-0.332298,0.061643	1.923028,-0.293601,0.332975	1.821295,0.181931,0.000304	1.878611,0.408338,0.071145	1.937261,0.379675,0.338073	12
1.855196,0.035094,0.164492	1.808662,0.031568,0.062686	0.000000,0.000000,0.000000	1.769828,0.032734,-0.002117	1.653957,0.034837,-0.197121	1.548847,0.033190,-0.345403	1.815676,-0.115088,-0.011050	1.903000,-0.331343,0.060483	1.923228,-0.294188,0.332002	1.821824,0.181222,-0.003803	1.878917,0.407603,0.066940	1.937571,0.379981,0.333979	12
1.856375,0.035179,0.161887	1.808661,0.031602,0.059555	0.000000,0.000000,0.000000	1.769807,0.031997,-0.005243	1.653709,0.030831,-0.201042	1.548911,0.028739,-0.348575	1.815748,-0.115030,-0.014837	1.902775,-0.330460,0.058868	1.923558,-0.294795,0.330548	1.822864,0.180779,-0.008472	1.879371,0.407255,0.061771	1.937856,0.380079,0.328895	12
1.857746,0.035014,0.158011	1.808661,0.031625,0.055099	0.000000,0.000000,0.000000	1.769814,0.031298,-0.009704	1.653847,0.028453,-0.206391	1.549174,0.024711,-0.353176	1.816720,-0.115730,-0.018269	1.903001,-0.330602,0.056392	1.923991,-0.295012,0.328069	1.825580,0.181143,-0.012098	1.880303,0.408118,0.056243	1.937135,0.379865,0.323604	12
1.859490,0.034711,0.153074	1.808661,0.031641,0.049732	0.000000,0.000000,0.000000	1.769872,0.030802,-0.015103	1.654246,0.027272,-0.212413	1.549717,0.021834,-0.358858	1.817479,-0.116229,-0.023009	1.903224,-0.330613,0.050343	1.924486,-0.295620,0.322077	1.829231,0.181734,-0.015628	1.881559,0.409948,0.046313	1.935182,0.379783,0.314103	12
1.861845,0.034469,0.147383	1.808661,0.031656,0.044000	0.000000,0.000000,0.000000	1.769941,0.030447,-0.020872	1.654521,0.026245,-0.218296	1.550040,0.019843,-0.364750	1.818230,-0.116207,-0.029197	1.903651,-0.330834,0.039966	1.925558,-0.296213,0.311699	1.830970,0.182018,-0.020833	1.882495,0.409718,0.039535	1.934976,0.380046,0.307626	12
1.863886,0.034277,0.140555	1.808663,0.031671,0.038490	0.000000,0.000000,0.000000	1.769957,0.030240,-0.026387	1.654370,0.025760,-0.223307	1.549839,0.018741,-0.370089	1.819332,-0.116334,-0.034744	1.904383,-0.331317,0.030555	1.927955,-0.296067,0.302065	1.831597,0.181954,-0.026883	1.883175,0.407985,0.036090	1.935435,0.380999,0.304509	12
1.865189,0.034142,0.134089	1.808668,0.031686,0.033622	0.000000,0.000000,0.000000	1.770118,0.030144,-0.031344	1.655504,0.025570,-0.228223	1.549291,0.018334,-0.374486	1.820561,-0.116432,-0.039599	1.904822,-0.330479,0.027118	1.933246,-0.295034,0.298107	1.831628,0.182056,-0.032005	1.884088,0.406344,0.033626	1.935969,0.381878,0.302364	12
1.865396,0.034045,0.128697	1.808675,0.031701,0.029388	0.000000,0.000000,0.000000	1.770357,0.030108,-0.035714	1.656623,0.025447,-0.232629	1.548547,0.018277,-0.378058	1.821739,-0.116802,-0.043107	1.905490,-0.329760,0.025605	1.940258,-0.294845,0.295894	1.831403,0.182164,-0.036391	1.885057,0.404790,0.031760	1.936973,0.382677,0.300700	12
1.865126,0.033978,0.123959	1.808683,0.031711,0.025469	0.000000,0.000000,0.000000	1.770359,0.030097,-0.039629	1.655720,0.025377,-0.235864	1.547582,0.018353,-0.381278	1.822286,-0.117115,-0.046453	1.906290,-0.328839,0.024838	1.946854,-0.295006,0.294466	1.831351,0.182166,-0.040548	1.885951,0.403275,0.030837	1.939022,0.383458,0.299732	12
1.864643,0.033927,0.120174	1.808695,0.031716,0.022224	0.000000,0.000000,0.000000	1.770254,0.030098,-0.042805	1.654992,0.025340,-0.238202	1.546716,0.018473,-0.383953	1.822538,-0.117875,-0.048049	1.907739,-0.328976,0.023961	1.952217,-0.294821,0.292967	1.831396,0.181992,-0.044196	1.886814,0.401997,0.030198	1.942505,0.384127,0.298694	12
1.864099,0.033881,0.117344	1.808714,0.031718,0.019727	0.000000,0.000000,0.000000	1.770142,0.030100,-0.045224	1.654559,0.025321,-0.239944	1.546117,0.018571,-0.386075	1.822621,-0.118593,-0.048833	1.909551,-0.329449,0.022490	1.954908,-0.294665,0.291291	1.831789,0.182156,-0.046037	1.887705,0.401768,0.029818	1.947668,0.384176,0.297399	12
1.863601,0.033837,0.115426	1.808918,0.031718,0.017918	0.000000,0.000000,0.000000	1.770214,0.030104,-0.046954	1.654451,0.025314,-0.241073	1.545873,0.018662,-0.387632	1.822634,-0.119157,-0.049198	1.911729,-0.330085,0.019928	1.956275,-0.294601,0.288772	1.832375,0.182395,-0.046904	1.888921,0.401915,0.029474	1.953104,0.383938,0.296049	12
1.863163,0.033790,0.113834	1.809293,0.031718,0.016262	0.000000,0.000000,0.000000	1.770511,0.030107,-0.048564	1.654857,0.025317,-0.242741	1.547018,0.018721,-0.389891	1.822619,-0.119622,-0.049583	1.913902,-0.330626,0.017111	1.957629,-0.294446,0.285991	1.833026,0.182699,-0.047432	1.890134,0.402265,0.029026	1.956592,0.383422,0.294999	12
1.863396,0.033750,0.111606	1.809800,0.031718,0.014180	0.000000,0.000000,0.000000	1.771107,0.030159,-0.050701	1.656340,0.025684,-0.245853	1.549048,0.019078,-0.393038	1.822551,-0.118275,-0.054853	1.914164,-0.329939,0.010361	1.959063,-0.295678,0.279292	1.833350,0.182595,-0.049997	1.891110,0.401792,0.027903	1.959910,0.383346,0.293316	12
