joint_position_head	joint_position_neck	joint_position_shoulder	joint_position_spine_top	joint_position_spine_mid	joint_position_spine_bottom	joint_position_left_shoulder	joint_position_left_elbow	joint_position_left_hand	joint_position_right_shoulder	joint_position_right_elbow	joint_position_right_hand	
XYZ order
1.819640,0.037644,0.227229	1.774146,0.041670,0.122044	0.000000,0.000000,0.000000	1.744507,0.040058,0.051167	1.656563,0.035252,-0.161612	1.560185,0.030532,-0.319896	1.782046,-0.109407,0.055664	1.880360,-0.354883,0.066074	1.870154,-0.621364,0.149651	1.806809,0.191847,0.061423	1.888812,0.442290,0.085633	1.875384,0.714531,0.147277	12
1.819828,0.037639,0.225227	1.775274,0.041670,0.120235	0.000000,0.000000,0.000000	1.745545,0.040039,0.049396	1.657420,0.035224,-0.162609	1.561689,0.030414,-0.321988	1.782285,-0.109331,0.053615	1.882121,-0.353877,0.066215	1.869574,-0.620540,0.148889	1.806950,0.191801,0.059026	1.889376,0.441694,0.085259	1.875703,0.714610,0.143813	12
1.820214,0.037622,0.224090	1.776662,0.041670,0.119155	0.000000,0.000000,0.000000	1.746813,0.040036,0.048368	1.658337,0.035217,-0.163044	1.563913,0.030393,-0.323636	1.782534,-0.109182,0.052079	1.884012,-0.352864,0.066388	1.868971,-0.619625,0.148326	1.806961,0.191327,0.056135	1.889457,0.440853,0.084650	1.875867,0.713985,0.142259	12
1.821089,0.037553,0.224728	1.778209,0.041670,0.118620	0.000000,0.000000,0.000000	1.748116,0.040037,0.047936	1.658553,0.035201,-0.162748	1.565812,0.030379,-0.324524	1.782773,-0.109154,0.051357	1.884719,-0.352511,0.066562	1.868906,-0.619300,0.148280	1.806971,0.191342,0.054889	1.889517,0.440719,0.083913	1.875648,0.713746,0.141953	12
1.822002,0.037473,0.226120	1.779895,0.041670,0.118420	0.000000,0.000000,0.000000	1.749460,0.040039,0.047882	1.658681,0.035193,-0.162159	1.566202,0.030377,-0.324182	1.783007,-0.109181,0.051123	1.884745,-0.352503,0.066716	1.869146,-0.619302,0.148441	1.807023,0.191602,0.054560	1.889611,0.440915,0.083185	1.875526,0.713710,0.142238	12
1.822478,0.037340,0.227649	1.781426,0.041670,0.118361	0.000000,0.000000,0.000000	1.750504,0.040031,0.048037	1.657677,0.035114,-0.161204	1.565136,0.030391,-0.323016	1.783113,-0.109195,0.051032	1.884455,-0.352522,0.067014	1.869497,-0.619432,0.148488	1.807073,0.191866,0.054489	1.889693,0.441121,0.082365	1.875499,0.713607,0.142787	12
1.822670,0.037222,0.229054	1.782694,0.041670,0.118470	0.000000,0.000000,0.000000	1.751371,0.040026,0.048323	1.657555,0.035109,-0.160523	1.563947,0.030412,-0.321701	1.783153,-0.109185,0.051083	1.883933,-0.352567,0.067307	1.869972,-0.619618,0.148485	1.807100,0.192050,0.054525	1.889738,0.441185,0.082035	1.875377,0.713469,0.143317	12
1.822525,0.037122,0.230216	1.783676,0.041670,0.118650	0.000000,0.000000,0.000000	1.752085,0.040024,0.048623	1.657725,0.035108,-0.160080	1.563332,0.030432,-0.320737	1.783161,-0.109155,0.051175	1.882972,-0.352740,0.067593	1.870671,-0.619966,0.148451	1.807111,0.192163,0.054583	1.889758,0.441138,0.081897	1.875225,0.713273,0.143803	12
1.822127,0.037023,0.231089	1.784288,0.041670,0.118861	0.000000,0.000000,0.000000	1.752546,0.040021,0.048901	1.657813,0.035092,-0.159766	1.563003,0.030447,-0.320057	1.783157,-0.109141,0.051342	1.881903,-0.352955,0.067863	1.871448,-0.620355,0.148400	1.807113,0.192202,0.054646	1.889751,0.440997,0.081876	1.875115,0.713060,0.144074	12
1.821703,0.036962,0.231671	1.784610,0.041670,0.119067	0.000000,0.000000,0.000000	1.752815,0.040018,0.049132	1.657985,0.035080,-0.159596	1.562891,0.030457,-0.319625	1.783150,-0.109129,0.051510	1.881069,-0.353108,0.068106	1.872225,-0.620672,0.148297	1.807109,0.192194,0.054704	1.889682,0.440855,0.081889	1.875057,0.712871,0.144293	12
1.821224,0.036922,0.232072	1.784750,0.041669,0.119270	0.000000,0.000000,0.000000	1.752950,0.040013,0.049337	1.658092,0.035058,-0.159426	1.562899,0.030463,-0.319346	1.783144,-0.109144,0.051745	1.880735,-0.353152,0.068164	1.872882,-0.620802,0.148183	1.807102,0.192153,0.054756	1.889583,0.440734,0.081920	1.875016,0.712693,0.144586	12
1.820693,0.036893,0.232353	1.784793,0.041669,0.119458	0.000000,0.000000,0.000000	1.753008,0.040008,0.049519	1.658163,0.035038,-0.159273	1.562953,0.030467,-0.319155	1.783140,-0.109181,0.052029	1.880685,-0.353163,0.068151	1.873149,-0.620831,0.148142	1.807093,0.192095,0.054805	1.889475,0.440644,0.081977	1.874981,0.712529,0.144979	12
1.820296,0.036874,0.232475	1.784795,0.041668,0.119585	0.000000,0.000000,0.000000	1.753026,0.040002,0.049638	1.658193,0.035009,-0.159207	1.562984,0.030468,-0.319036	1.783137,-0.109182,0.052172	1.880943,-0.353058,0.068126	1.873133,-0.620726,0.148091	1.807085,0.192049,0.054841	1.889388,0.440608,0.082053	1.874933,0.712398,0.145474	12
1.820057,0.036853,0.232483	1.784783,0.041668,0.119656	0.000000,0.000000,0.000000	1.753023,0.039996,0.049705	1.658187,0.034996,-0.159169	1.562981,0.030467,-0.318965	1.783136,-0.109172,0.052228	1.881114,-0.352999,0.068079	1.873093,-0.620651,0.148074	1.807081,0.192024,0.054867	1.889346,0.440603,0.082132	1.874850,0.712276,0.146038	12
1.819938,0.036840,0.232438	1.784771,0.041667,0.119697	0.000000,0.000000,0.000000	1.753016,0.039993,0.049744	1.658190,0.034991,-0.159139	1.562974,0.030466,-0.318923	1.783136,-0.109157,0.052239	1.881038,-0.353094,0.068063	1.873139,-0.620731,0.148121	1.807079,0.192011,0.054889	1.889268,0.440694,0.082135	1.874747,0.712218,0.146666	12
1.819884,0.036835,0.232370	1.784763,0.041666,0.119714	0.000000,0.000000,0.000000	1.753010,0.039991,0.049760	1.658188,0.034986,-0.159130	1.562968,0.030466,-0.318907	1.783136,-0.109143,0.052223	1.880826,-0.353197,0.068066	1.873245,-0.620825,0.148179	1.807078,0.192006,0.054899	1.889317,0.440706,0.082131	1.874569,0.712048,0.147373	12
1.819861,0.036835,0.232301	1.784758,0.041665,0.119718	0.000000,0.000000,0.000000	1.753007,0.039989,0.049764	1.658193,0.034981,-0.159129	1.562965,0.030465,-0.318903	1.783136,-0.109130,0.052194	1.880588,-0.353286,0.068079	1.873368,-0.620909,0.148246	1.807078,0.192006,0.054902	1.889345,0.440707,0.082126	1.874332,0.711926,0.147816	12
1.819852,0.036837,0.232243	1.784756,0.041665,0.119717	0.000000,0.000000,0.000000	1.753006,0.039986,0.049763	1.658199,0.034968,-0.159128	1.562964,0.030465,-0.318903	1.783136,-0.109125,0.052176	1.880350,-0.353372,0.068097	1.873501,-0.620985,0.148325	1.807079,0.192007,0.054902	1.889361,0.440701,0.082121	1.874122,0.711846,0.148071	12
1.819847,0.036840,0.232196	1.784753,0.041664,0.119717	0.000000,0.000000,0.000000	1.753004,0.039984,0.049761	1.658203,0.034964,-0.159130	1.562963,0.030465,-0.318905	1.783136,-0.109124,0.052166	1.880434,-0.353309,0.068106	1.873494,-0.620914,0.148354	1.807079,0.192008,0.054902	1.889378,0.440671,0.082124	1.873924,0.711760,0.148248	12
1.819842,0.036842,0.232160	1.784749,0.041663,0.119716	0.000000,0.000000,0.000000	1.753002,0.039982,0.049760	1.658208,0.034964,-0.159132	1.562963,0.030465,-0.318906	1.783136,-0.109125,0.052162	1.880604,-0.353188,0.068103	1.873450,-0.620783,0.148368	1.807079,0.192009,0.054903	1.889389,0.440615,0.082129	1.873627,0.711654,0.148386	12
1.819838,0.036844,0.232133	1.784740,0.041662,0.119717	0.000000,0.000000,0.000000	1.752996,0.039981,0.049759	1.658207,0.034963,-0.159136	1.562962,0.030465,-0.318909	1.783136,-0.109126,0.052160	1.880668,-0.353113,0.068096	1.873434,-0.620700,0.148378	1.807079,0.192008,0.054904	1.889379,0.440566,0.082134	1.873324,0.711565,0.148487	12
1.819832,0.036846,0.232110	1.784733,0.041661,0.119715	0.000000,0.000000,0.000000	1.752990,0.039980,0.049757	1.658206,0.034962,-0.159140	1.562959,0.030465,-0.318913	1.783136,-0.109129,0.052159	1.880699,-0.353077,0.068094	1.873427,-0.620656,0.148398	1.807079,0.192009,0.054905	1.889355,0.440547,0.082149	1.873040,0.711506,0.148600	12
1.819828,0.036846,0.232094	1.784726,0.041660,0.119714	0.000000,0.000000,0.000000	1.752985,0.039979,0.049756	1.658205,0.034960,-0.159142	1.562958,0.030465,-0.318915	1.783136,-0.109131,0.052158	1.880732,-0.353068,0.068092	1.873414,-0.620638,0.148424	1.807079,0.192009,0.054907	1.889326,0.440555,0.082181	1.872795,0.711479,0.148722	12
1.819824,0.036847,0.232082	1.784719,0.041659,0.119714	0.000000,0.000000,0.000000	1.752980,0.039978,0.049754	1.658205,0.034959,-0.159146	1.562956,0.030465,-0.318918	1.783136,-0.109134,0.052158	1.880754,-0.353111,0.068092	1.873402,-0.620667,0.148466	1.807079,0.192008,0.054908	1.889275,0.440617,0.082206	1.872966,0.711531,0.148843	12
1.819820,0.036848,0.232072	1.784711,0.041657,0.119713	0.000000,0.000000,0.000000	1.752973,0.039977,0.049753	1.658202,0.034958,-0.159149	1.562954,0.030465,-0.318922	1.783136,-0.109135,0.052157	1.880777,-0.353205,0.068092	1.873387,-0.620738,0.148542	1.807079,0.192007,0.054909	1.889220,0.440728,0.082256	1.873336,0.711656,0.148936	12
1.819818,0.036848,0.232064	1.784703,0.041656,0.119713	0.000000,0.000000,0.000000	1.752966,0.039976,0.049752	1.658200,0.034957,-0.159152	1.562952,0.030465,-0.318925	1.783136,-0.109137,0.052157	1.880814,-0.353337,0.068095	1.873365,-0.620840,0.148639	1.807078,0.192005,0.054910	1.889171,0.440885,0.082260	1.873524,0.711840,0.148885	12
1.819816,0.036848,0.232058	1.784697,0.041655,0.119713	0.000000,0.000000,0.000000	1.752961,0.039974,0.049751	1.658198,0.034956,-0.159153	1.562951,0.030464,-0.318928	1.783136,-0.109139,0.052156	1.880870,-0.353500,0.068099	1.873334,-0.620966,0.148758	1.807078,0.192004,0.054911	1.889126,0.441080,0.082256	1.873589,0.712069,0.148770	12
1.819814,0.036849,0.232055	1.784693,0.041653,0.119712	0.000000,0.000000,0.000000	1.752958,0.039973,0.049751	1.658198,0.034954,-0.159154	1.562950,0.030462,-0.318929	1.783136,-0.109140,0.052156	1.880925,-0.353657,0.068103	1.873300,-0.621084,0.148880	1.807078,0.192002,0.054912	1.889132,0.441251,0.082259	1.873544,0.712249,0.148723	12
1.819813,0.036849,0.232053	1.784691,0.041652,0.119712	0.000000,0.000000,0.000000	1.752958,0.039971,0.049750	1.658205,0.034952,-0.159158	1.562951,0.030457,-0.318930	1.783136,-0.109141,0.052155	1.880983,-0.353790,0.068105	1.873271,-0.621177,0.149007	1.807078,0.192000,0.054912	1.889155,0.441394,0.082261	1.873497,0.712390,0.148718	12
1.819813,0.036849,0.232051	1.784690,0.041651,0.119712	0.000000,0.000000,0.000000	1.752958,0.039970,0.049750	1.658208,0.034950,-0.159159	1.562953,0.030450,-0.318931	1.783138,-0.109142,0.052155	1.881029,-0.353900,0.068110	1.873247,-0.621246,0.149141	1.807078,0.191999,0.054913	1.889184,0.441507,0.082261	1.873453,0.712497,0.148729	12
