joint_position_head	joint_position_neck	joint_position_shoulder	joint_position_spine_top	joint_position_spine_mid	joint_position_spine_bottom	joint_position_left_shoulder	joint_position_left_elbow	joint_position_left_hand	joint_position_right_shoulder	joint_position_right_elbow	joint_position_right_hand	
XYZ order
1.631149,0.023607,0.408307	1.606213,0.025352,0.300661	0.000000,0.000000,0.000000	1.607230,0.025850,0.224909	1.609979,0.027196,0.019946	1.574152,0.026456,-0.159219	1.622282,-0.113734,0.250552	1.585292,-0.242056,0.463686	1.569810,-0.025517,0.633367	1.614737,0.166719,0.255303	1.601144,0.287796,0.475339	1.565876,0.055920,0.619941	12
1.631120,0.023609,0.408166	1.606218,0.025352,0.300511	0.000000,0.000000,0.000000	1.607236,0.025850,0.224759	1.609989,0.027197,0.019768	1.574083,0.026452,-0.159531	1.622273,-0.113667,0.250606	1.585297,-0.242127,0.463659	1.569904,-0.025057,0.632667	1.614731,0.166619,0.255279	1.601218,0.287057,0.475670	1.565819,0.055198,0.620265	12
1.631091,0.023611,0.408025	1.606223,0.025352,0.300362	0.000000,0.000000,0.000000	1.607242,0.025850,0.224610	1.610001,0.027199,0.019487	1.573998,0.026448,-0.159913	1.622268,-0.113636,0.250738	1.585295,-0.242206,0.463725	1.570010,-0.024901,0.632442	1.614726,0.166537,0.255281	1.601277,0.286326,0.476030	1.565571,0.054675,0.620883	12
1.631060,0.023613,0.407874	1.606228,0.025352,0.300203	0.000000,0.000000,0.000000	1.607248,0.025851,0.224452	1.610013,0.027202,0.019100	1.573894,0.026444,-0.160372	1.622262,-0.113592,0.250803	1.585307,-0.242259,0.463735	1.570087,-0.024875,0.632356	1.614722,0.166470,0.255296	1.601352,0.285407,0.476510	1.565255,0.054801,0.622915	12
1.631028,0.023615,0.407715	1.606233,0.025352,0.300036	0.000000,0.000000,0.000000	1.607254,0.025851,0.224284	1.610023,0.027205,0.018660	1.573782,0.026441,-0.160865	1.622253,-0.113547,0.250831	1.585307,-0.242299,0.463713	1.570154,-0.024913,0.632337	1.614718,0.166414,0.255311	1.601374,0.284979,0.476727	1.564971,0.054856,0.623820	12
1.630993,0.023618,0.407547	1.606239,0.025352,0.299859	0.000000,0.000000,0.000000	1.607259,0.025851,0.224107	1.610031,0.027208,0.018210	1.573670,0.026437,-0.161352	1.622243,-0.113502,0.250836	1.585296,-0.242344,0.463663	1.570229,-0.025045,0.632405	1.614715,0.166365,0.255324	1.601370,0.285019,0.476692	1.564788,0.055030,0.623953	12
1.630958,0.023620,0.407373	1.606244,0.025352,0.299675	0.000000,0.000000,0.000000	1.607264,0.025852,0.223923	1.610038,0.027212,0.017778	1.573564,0.026434,-0.161811	1.622233,-0.113460,0.250829	1.585271,-0.242449,0.463564	1.570217,-0.025276,0.632470	1.614712,0.166322,0.255334	1.601352,0.285383,0.476482	1.564743,0.055277,0.623555	12
1.630923,0.023622,0.407196	1.606250,0.025352,0.299489	0.000000,0.000000,0.000000	1.607269,0.025852,0.223737	1.610043,0.027215,0.017379	1.573467,0.026432,-0.162228	1.622223,-0.113423,0.250817	1.585216,-0.242656,0.463396	1.570233,-0.025525,0.632360	1.614710,0.166284,0.255341	1.601318,0.285972,0.476148	1.564688,0.055624,0.622837	12
1.630889,0.023625,0.407025	1.606256,0.025352,0.299309	0.000000,0.000000,0.000000	1.607274,0.025853,0.223557	1.610048,0.027219,0.017018	1.573379,0.026430,-0.162602	1.622212,-0.113387,0.250804	1.585149,-0.242906,0.463199	1.570323,-0.025712,0.632097	1.614708,0.166248,0.255347	1.601262,0.286633,0.475772	1.564862,0.055573,0.621390	12
1.630843,0.023627,0.406865	1.606262,0.025352,0.299136	0.000000,0.000000,0.000000	1.607278,0.025853,0.223384	1.610053,0.027222,0.016694	1.573301,0.026428,-0.162934	1.622202,-0.113354,0.250794	1.585073,-0.243191,0.462983	1.570439,-0.025949,0.631835	1.614706,0.166214,0.255353	1.601195,0.287327,0.475374	1.565033,0.055211,0.619356	12
1.630795,0.023631,0.406703	1.606268,0.025352,0.298963	0.000000,0.000000,0.000000	1.607283,0.025854,0.223211	1.610057,0.027225,0.016391	1.573228,0.026426,-0.163241	1.622193,-0.113324,0.250782	1.584942,-0.243671,0.462637	1.570626,-0.026284,0.631330	1.614704,0.166183,0.255357	1.601127,0.287988,0.474992	1.565113,0.054370,0.616552	12
1.630748,0.023634,0.406542	1.606274,0.025352,0.298789	0.000000,0.000000,0.000000	1.607288,0.025854,0.223037	1.610060,0.027227,0.016115	1.573162,0.026424,-0.163519	1.622183,-0.113297,0.250768	1.584771,-0.244301,0.462189	1.570850,-0.026728,0.630674	1.614702,0.166154,0.255357	1.601048,0.288805,0.474517	1.565382,0.054530,0.615092	12
1.630704,0.023637,0.406385	1.606279,0.025352,0.298620	0.000000,0.000000,0.000000	1.607293,0.025855,0.222868	1.610063,0.027230,0.015866	1.573102,0.026423,-0.163768	1.622175,-0.113272,0.250756	1.584695,-0.244610,0.461958	1.570939,-0.026912,0.630296	1.614701,0.166127,0.255358	1.601011,0.289309,0.474218	1.565603,0.054840,0.614542	12
1.630655,0.023640,0.406207	1.606286,0.025352,0.298431	0.000000,0.000000,0.000000	1.607298,0.025856,0.222679	1.610067,0.027233,0.015614	1.573042,0.026421,-0.164018	1.622166,-0.113248,0.250719	1.584666,-0.244733,0.461827	1.570950,-0.026976,0.630093	1.614700,0.166107,0.255355	1.600988,0.289747,0.473956	1.565856,0.055377,0.614515	12
1.630605,0.023644,0.406024	1.606291,0.025352,0.298235	0.000000,0.000000,0.000000	1.607303,0.025857,0.222483	1.610070,0.027237,0.015369	1.572984,0.026419,-0.164258	1.622160,-0.113236,0.250707	1.584644,-0.244793,0.461767	1.570916,-0.026958,0.629931	1.614699,0.166091,0.255352	1.600960,0.290236,0.473664	1.566131,0.055898,0.614351	12
1.630559,0.023647,0.405851	1.606297,0.025352,0.298050	0.000000,0.000000,0.000000	1.607309,0.025857,0.222298	1.610073,0.027239,0.015146	1.572931,0.026418,-0.164477	1.622141,-0.113243,0.250751	1.584617,-0.244872,0.461765	1.570871,-0.026907,0.629759	1.614698,0.166075,0.255353	1.600951,0.290428,0.473547	1.566232,0.056137,0.614339	12
1.630514,0.023650,0.405682	1.606304,0.025351,0.297869	0.000000,0.000000,0.000000	1.607314,0.025858,0.222117	1.610076,0.027242,0.014933	1.572881,0.026416,-0.164683	1.622116,-0.113259,0.250821	1.584588,-0.244964,0.461786	1.570817,-0.026924,0.629680	1.614697,0.166060,0.255357	1.600953,0.290465,0.473521	1.566251,0.056227,0.614405	12
1.630458,0.023654,0.405473	1.606310,0.025351,0.297646	0.000000,0.000000,0.000000	1.607319,0.025858,0.221894	1.610079,0.027244,0.014686	1.572822,0.026414,-0.164922	1.622091,-0.113290,0.250892	1.584542,-0.245100,0.461788	1.570762,-0.026847,0.629405	1.614697,0.166057,0.255358	1.600951,0.290522,0.473488	1.566262,0.056337,0.614464	12
1.630398,0.023658,0.405242	1.606315,0.025351,0.297400	0.000000,0.000000,0.000000	1.607324,0.025859,0.221648	1.610083,0.027246,0.014420	1.572760,0.026413,-0.165177	1.622067,-0.113326,0.250955	1.584487,-0.245246,0.461776	1.570766,-0.026397,0.628615	1.614697,0.166060,0.255358	1.600954,0.290522,0.473489	1.566257,0.056366,0.614507	12
1.630286,0.023652,0.404993	1.606321,0.025351,0.297126	0.000000,0.000000,0.000000	1.607318,0.025864,0.221373	1.610043,0.027268,0.014142	1.572698,0.026412,-0.165453	1.622037,-0.113260,0.250663	1.584514,-0.245131,0.461525	1.570773,-0.026602,0.628783	1.614644,0.165973,0.254994	1.600998,0.290310,0.473203	1.566195,0.056591,0.614917	12
1.630143,0.023641,0.404733	1.606327,0.025351,0.296833	0.000000,0.000000,0.000000	1.607315,0.025874,0.221081	1.610016,0.027304,0.013869	1.572665,0.026413,-0.165727	1.622000,-0.113122,0.250089	1.584615,-0.244846,0.461067	1.570726,-0.026730,0.628850	1.614575,0.165841,0.254408	1.601062,0.289975,0.472741	1.566113,0.056937,0.615535	12
1.629990,0.023627,0.404457	1.606333,0.025351,0.296522	0.000000,0.000000,0.000000	1.607315,0.025885,0.220769	1.610002,0.027345,0.013602	1.572648,0.026415,-0.165995	1.621961,-0.112961,0.249371	1.584760,-0.244478,0.460511	1.570672,-0.026746,0.628776	1.614577,0.165671,0.253627	1.601117,0.289531,0.472118	1.566050,0.057397,0.616346	12
1.630063,0.023627,0.404086	1.606339,0.025351,0.296166	0.000000,0.000000,0.000000	1.607324,0.025895,0.220414	1.610016,0.027381,0.013304	1.572742,0.026546,-0.166312	1.621881,-0.112318,0.247068	1.585222,-0.243232,0.458677	1.570390,-0.027550,0.629475	1.614625,0.165246,0.251813	1.601227,0.288530,0.470632	1.565924,0.058561,0.618199	12
1.630455,0.023741,0.403491	1.606345,0.025351,0.295656	0.000000,0.000000,0.000000	1.607358,0.025958,0.219904	1.610125,0.027618,0.012881	1.573023,0.027009,-0.166772	1.621893,-0.111717,0.244428	1.585730,-0.241898,0.456573	1.570262,-0.028097,0.629666	1.614645,0.164467,0.248443	1.601451,0.286782,0.467817	1.565597,0.060386,0.620625	12
1.631050,0.023934,0.402684	1.606352,0.025351,0.294979	0.000000,0.000000,0.000000	1.607391,0.026053,0.219229	1.610229,0.027970,0.012315	1.573768,0.027638,-0.165504	1.621931,-0.110909,0.240772	1.586448,-0.240053,0.453663	1.570097,-0.029064,0.630082	1.614644,0.163589,0.244321	1.601726,0.284781,0.464334	1.565130,0.062118,0.622365	12
1.631630,0.024152,0.401190	1.606359,0.025351,0.293615	0.000000,0.000000,0.000000	1.607424,0.026165,0.217867	1.610331,0.028387,0.011082	1.574413,0.028311,-0.164321	1.622003,-0.110081,0.236348	1.587395,-0.237874,0.450196	1.569968,-0.029995,0.630167	1.614706,0.163428,0.241322	1.601902,0.283516,0.461945	1.565391,0.062497,0.622368	12
1.631696,0.024333,0.398307	1.606367,0.025351,0.290744	0.000000,0.000000,0.000000	1.607489,0.026256,0.214997	1.610551,0.028725,0.008219	1.574952,0.028818,-0.164904	1.622256,-0.110473,0.233575	1.588178,-0.236817,0.448366	1.570327,-0.028960,0.628355	1.614978,0.164192,0.239592	1.601951,0.282999,0.460895	1.567027,0.059127,0.617603	12
1.631317,0.024476,0.394253	1.606376,0.025351,0.286599	0.000000,0.000000,0.000000	1.607586,0.026321,0.210855	1.610889,0.028967,0.004108	1.575069,0.029131,-0.167054	1.622624,-0.111581,0.231779	1.588960,-0.236562,0.447432	1.571148,-0.026280,0.624551	1.615365,0.165448,0.238563	1.601973,0.282835,0.460601	1.571482,0.049276,0.602564	12
1.630939,0.024649,0.389866	1.606385,0.025351,0.282122	0.000000,0.000000,0.000000	1.607700,0.026369,0.206380	1.611287,0.029148,-0.000215	1.574890,0.029330,-0.169729	1.623019,-0.112843,0.230619	1.589761,-0.236973,0.446830	1.572360,-0.023151,0.619655	1.615814,0.166718,0.237963	1.601993,0.282869,0.460626	1.574533,0.045177,0.596755	12
1.630550,0.024867,0.386176	1.606395,0.025351,0.278340	0.000000,0.000000,0.000000	1.607820,0.026402,0.202601	1.611700,0.029265,-0.003667	1.574679,0.029427,-0.171866	1.623391,-0.113884,0.230035	1.590501,-0.238175,0.446210	1.573805,-0.021059,0.614960	1.616254,0.167670,0.237644	1.602024,0.283039,0.460689	1.576411,0.044175,0.595518	12
