joint_position_head	joint_position_neck	joint_position_shoulder	joint_position_spine_top	joint_position_spine_mid	joint_position_spine_bottom	joint_position_left_shoulder	joint_position_left_elbow	joint_position_left_hand	joint_position_right_shoulder	joint_position_right_elbow	joint_position_right_hand	
XYZ order
1.641512,0.031959,0.365332	1.621538,0.033172,0.257456	0.000000,0.000000,0.000000	1.620740,0.031513,0.181993	1.618544,0.026949,-0.025684	1.577719,0.025267,-0.190898	1.630852,-0.108179,0.219806	1.581754,-0.246522,0.422911	1.550717,-0.033454,0.593227	1.622998,0.175075,0.220742	1.572338,0.297545,0.433431	1.547921,0.080087,0.599217	12
1.641754,0.031911,0.367062	1.621453,0.033169,0.260453	0.000000,0.000000,0.000000	1.620684,0.031530,0.184990	1.618574,0.027030,-0.022137	1.578479,0.025324,-0.187406	1.630814,-0.107514,0.220339	1.581259,-0.246905,0.422612	1.550912,-0.034192,0.593495	1.622988,0.174493,0.221532	1.571931,0.297628,0.433740	1.547848,0.080865,0.600478	12
1.641944,0.031880,0.368491	1.621351,0.033168,0.263361	0.000000,0.000000,0.000000	1.620616,0.031548,0.187897	1.618605,0.027110,-0.018791	1.579197,0.025380,-0.184146	1.630768,-0.106881,0.220770	1.580636,-0.247612,0.421970	1.551203,-0.035806,0.594128	1.622976,0.173879,0.221968	1.571467,0.297754,0.433635	1.547795,0.082229,0.602020	12
1.642044,0.031870,0.369090	1.621244,0.033166,0.265447	0.000000,0.000000,0.000000	1.620521,0.031601,0.189982	1.618545,0.027321,-0.016368	1.579662,0.025621,-0.181770	1.630742,-0.106498,0.221090	1.580157,-0.247973,0.421657	1.551343,-0.037235,0.595225	1.622868,0.173496,0.222229	1.571247,0.298143,0.433416	1.547476,0.084013,0.603557	12
1.642297,0.031860,0.370233	1.621164,0.033165,0.266765	0.000000,0.000000,0.000000	1.620428,0.031675,0.191298	1.618420,0.027606,-0.014798	1.579911,0.025980,-0.180192	1.630733,-0.106365,0.221363	1.579522,-0.248023,0.421644	1.551472,-0.038650,0.596977	1.622713,0.173345,0.222406	1.571111,0.298662,0.433202	1.547070,0.085585,0.604629	12
1.642330,0.031868,0.370186	1.621102,0.033164,0.267431	0.000000,0.000000,0.000000	1.620339,0.031755,0.191963	1.618255,0.027910,-0.013942	1.579980,0.026390,-0.179266	1.630738,-0.106428,0.221563	1.579267,-0.247927,0.421892	1.551360,-0.039928,0.598880	1.622526,0.173391,0.222526	1.571141,0.299226,0.433066	1.546557,0.086671,0.605070	12
1.642243,0.031881,0.369522	1.621047,0.033163,0.267671	0.000000,0.000000,0.000000	1.620250,0.031805,0.192202	1.618078,0.028103,-0.013554	1.579925,0.026677,-0.178755	1.630745,-0.106600,0.221710	1.579179,-0.247952,0.422118	1.551409,-0.040123,0.599335	1.622322,0.173534,0.222571	1.571177,0.299700,0.432973	1.546558,0.086193,0.603782	12
1.642099,0.031896,0.368682	1.620995,0.033161,0.267715	0.000000,0.000000,0.000000	1.620177,0.031829,0.192245	1.617947,0.028199,-0.013409	1.579860,0.026843,-0.178469	1.630757,-0.106819,0.221864	1.579163,-0.248073,0.422334	1.551546,-0.039792,0.599044	1.622131,0.173716,0.222600	1.571273,0.300305,0.432816	1.546781,0.085238,0.601666	12
1.641944,0.031909,0.367886	1.620943,0.033160,0.267685	0.000000,0.000000,0.000000	1.620117,0.031838,0.192216	1.617867,0.028237,-0.013393	1.579810,0.026926,-0.178317	1.630768,-0.107042,0.222020	1.579200,-0.248237,0.422536	1.551633,-0.039554,0.598777	1.621926,0.173902,0.222638	1.571386,0.300918,0.432673	1.547020,0.084338,0.599594	12
1.641788,0.031922,0.367300	1.620894,0.033158,0.267644	0.000000,0.000000,0.000000	1.620063,0.031809,0.192175	1.617796,0.028128,-0.013732	1.579573,0.026823,-0.178588	1.631002,-0.107450,0.222937	1.578986,-0.248808,0.423222	1.551818,-0.039479,0.598755	1.621826,0.174213,0.223205	1.571400,0.301692,0.432987	1.547433,0.082796,0.596908	12
1.641646,0.031936,0.366974	1.620840,0.033157,0.267614	0.000000,0.000000,0.000000	1.620006,0.031774,0.192146	1.617722,0.027988,-0.014418	1.579166,0.026687,-0.179336	1.631308,-0.107900,0.224185	1.578673,-0.249523,0.424120	1.552041,-0.039677,0.599118	1.621769,0.174566,0.224067	1.571417,0.302713,0.433459	1.547700,0.082321,0.595418	12
1.641515,0.031949,0.366895	1.620782,0.033156,0.267599	0.000000,0.000000,0.000000	1.619944,0.031737,0.192132	1.617639,0.027836,-0.015320	1.578617,0.026551,-0.180501	1.631923,-0.108444,0.226038	1.578169,-0.250467,0.425389	1.552304,-0.039870,0.599596	1.621730,0.174911,0.225069	1.571451,0.303809,0.434017	1.547763,0.082852,0.595225	12
1.641394,0.031959,0.367024	1.620717,0.033156,0.267597	0.000000,0.000000,0.000000	1.619876,0.031700,0.192130	1.617553,0.027682,-0.016241	1.578004,0.026405,-0.181870	1.632254,-0.109090,0.228421	1.577608,-0.251770,0.427060	1.552473,-0.039665,0.599528	1.621698,0.175238,0.226170	1.571481,0.304905,0.434657	1.547691,0.083371,0.595063	12
1.641289,0.031967,0.367315	1.620648,0.033155,0.267603	0.000000,0.000000,0.000000	1.619807,0.031664,0.192137	1.617476,0.027531,-0.017080	1.577410,0.026247,-0.183181	1.632391,-0.109532,0.230222	1.577255,-0.252829,0.428282	1.552390,-0.039838,0.599701	1.621668,0.175519,0.227262	1.571450,0.305460,0.435579	1.547478,0.083496,0.595360	12
1.641203,0.031973,0.367735	1.620595,0.033154,0.267615	0.000000,0.000000,0.000000	1.619752,0.031641,0.192150	1.617404,0.027430,-0.017784	1.576850,0.026136,-0.184236	1.632458,-0.109737,0.231277	1.577153,-0.253403,0.429024	1.552138,-0.040339,0.600335	1.621640,0.175772,0.228410	1.571380,0.305716,0.436715	1.547278,0.082938,0.595335	12
1.641140,0.031977,0.368254	1.620555,0.033154,0.267641	0.000000,0.000000,0.000000	1.619707,0.031627,0.192176	1.617341,0.027367,-0.018404	1.576435,0.026057,-0.185037	1.632488,-0.109715,0.231582	1.577219,-0.253640,0.429151	1.551817,-0.041576,0.601636	1.621606,0.175971,0.229503	1.571294,0.305888,0.437812	1.547091,0.082198,0.595123	12
1.641109,0.031979,0.368818	1.620521,0.033153,0.267673	0.000000,0.000000,0.000000	1.619668,0.031622,0.192208	1.617281,0.027338,-0.018983	1.576158,0.026026,-0.185639	1.632480,-0.109559,0.231438	1.577284,-0.253974,0.428669	1.551476,-0.043981,0.603589	1.621574,0.176093,0.230407	1.571282,0.305842,0.438826	1.546899,0.081350,0.594962	12
1.641109,0.031978,0.369363	1.620491,0.033153,0.267707	0.000000,0.000000,0.000000	1.619625,0.031629,0.192242	1.617195,0.027353,-0.019505	1.576123,0.026022,-0.186056	1.632449,-0.109267,0.230754	1.577431,-0.254123,0.427711	1.551276,-0.045894,0.604681	1.621531,0.176053,0.230683	1.571304,0.305691,0.439186	1.546734,0.081022,0.595040	12
1.641202,0.031968,0.369828	1.620461,0.033152,0.267740	0.000000,0.000000,0.000000	1.619588,0.031652,0.192275	1.617133,0.027433,-0.019920	1.576265,0.026048,-0.186219	1.632413,-0.108923,0.229832	1.577664,-0.253819,0.426835	1.551198,-0.046404,0.604728	1.621468,0.175931,0.230600	1.571378,0.305519,0.439167	1.546610,0.080990,0.595191	12
1.641338,0.031950,0.370205	1.620439,0.033151,0.267771	0.000000,0.000000,0.000000	1.619563,0.031686,0.192305	1.617096,0.027558,-0.020228	1.576558,0.026099,-0.186020	1.632378,-0.108559,0.228788	1.577947,-0.253286,0.426003	1.551040,-0.046871,0.604997	1.621396,0.175776,0.230323	1.571476,0.305283,0.438980	1.546492,0.081072,0.595423	12
1.641486,0.031935,0.370500	1.620427,0.033151,0.267801	0.000000,0.000000,0.000000	1.619546,0.031716,0.192334	1.617062,0.027672,-0.020390	1.576919,0.026162,-0.185548	1.632344,-0.108196,0.227707	1.578251,-0.252658,0.425208	1.550832,-0.047345,0.605389	1.621371,0.175619,0.229972	1.571547,0.305008,0.438726	1.546413,0.081183,0.595696	12
1.641604,0.031923,0.370736	1.620422,0.033150,0.267832	0.000000,0.000000,0.000000	1.619532,0.031742,0.192365	1.617024,0.027773,-0.020433	1.577306,0.026230,-0.185015	1.632314,-0.107871,0.226727	1.578531,-0.252101,0.424482	1.550592,-0.047834,0.605769	1.621361,0.175475,0.229612	1.571590,0.304699,0.438482	1.546352,0.081258,0.595981	12
1.641703,0.031912,0.370919	1.620420,0.033149,0.267864	0.000000,0.000000,0.000000	1.619524,0.031761,0.192397	1.616997,0.027846,-0.020423	1.577693,0.026302,-0.184582	1.632286,-0.107566,0.225798	1.578802,-0.251592,0.423784	1.550332,-0.048294,0.606075	1.621359,0.175348,0.229266	1.571616,0.304314,0.438301	1.546284,0.081239,0.596303	12
1.641776,0.031904,0.371071	1.620420,0.033149,0.267906	0.000000,0.000000,0.000000	1.619520,0.031767,0.192439	1.616980,0.027869,-0.020385	1.577971,0.026351,-0.184268	1.632276,-0.107446,0.225471	1.578912,-0.251471,0.423490	1.550130,-0.048663,0.606278	1.621360,0.175245,0.228978	1.571594,0.303965,0.438158	1.546254,0.081160,0.596541	12
1.641826,0.031900,0.371196	1.620420,0.033148,0.267954	0.000000,0.000000,0.000000	1.619517,0.031767,0.192487	1.616969,0.027870,-0.020336	1.578079,0.026385,-0.184069	1.632271,-0.107399,0.225368	1.578957,-0.251481,0.423358	1.549984,-0.048820,0.606280	1.621361,0.175143,0.228665	1.571557,0.303578,0.438011	1.546206,0.081067,0.596804	12
1.641858,0.031897,0.371301	1.620421,0.033148,0.268009	0.000000,0.000000,0.000000	1.619514,0.031765,0.192542	1.616958,0.027865,-0.020279	1.578059,0.026410,-0.183981	1.632270,-0.107387,0.225373	1.578975,-0.251567,0.423297	1.549815,-0.049033,0.606328	1.621362,0.175094,0.228539	1.571443,0.303294,0.438003	1.546103,0.080991,0.597089	12
1.641880,0.031894,0.371387	1.620421,0.033147,0.268067	0.000000,0.000000,0.000000	1.619512,0.031762,0.192600	1.616947,0.027858,-0.020219	1.577899,0.026427,-0.183921	1.632270,-0.107385,0.225417	1.578983,-0.251683,0.423257	1.549494,-0.049875,0.607032	1.621362,0.175076,0.228524	1.571312,0.302911,0.438180	1.545897,0.080662,0.597330	12
1.641895,0.031892,0.371457	1.620421,0.033146,0.268126	0.000000,0.000000,0.000000	1.619509,0.031760,0.192659	1.616937,0.027851,-0.020159	1.577675,0.026386,-0.183853	1.632270,-0.107385,0.225468	1.578987,-0.251831,0.423201	1.549218,-0.051103,0.608106	1.621362,0.175071,0.228564	1.571171,0.302477,0.438447	1.545673,0.080115,0.597425	12
1.641907,0.031889,0.371515	1.620421,0.033145,0.268187	0.000000,0.000000,0.000000	1.619506,0.031758,0.192720	1.616926,0.027847,-0.020095	1.577496,0.026359,-0.183774	1.632269,-0.107380,0.225516	1.579003,-0.252008,0.423120	1.549079,-0.051786,0.608551	1.621361,0.175073,0.228638	1.571023,0.302012,0.438768	1.545200,0.080064,0.598270	12
