joint_position_head	joint_position_neck	joint_position_shoulder	joint_position_spine_top	joint_position_spine_mid	joint_position_spine_bottom	joint_position_left_shoulder	joint_position_left_elbow	joint_position_left_hand	joint_position_right_shoulder	joint_position_right_elbow	joint_position_right_hand	
XYZ order
1.637694,0.033855,0.302313	1.610725,0.037594,0.196639	0.000000,0.000000,0.000000	1.608292,0.033125,0.121653	1.601424,0.020513,-0.089992	1.550495,0.015896,-0.251030	1.626600,-0.117288,0.129677	1.650602,-0.354684,0.174140	1.598674,-0.610416,0.255517	1.635808,0.186213,0.119123	1.661546,0.422233,0.169490	1.621259,0.684508,0.235096	12
1.637469,0.033937,0.297379	1.611328,0.037592,0.192531	0.000000,0.000000,0.000000	1.608747,0.033058,0.117553	1.601471,0.020280,-0.093804	1.549589,0.015796,-0.254399	1.626664,-0.118100,0.127451	1.651262,-0.355930,0.172134	1.598026,-0.611027,0.254638	1.635871,0.186670,0.115808	1.662946,0.422426,0.169139	1.620613,0.684321,0.234970	12
1.637012,0.034026,0.292503	1.611924,0.037590,0.188730	0.000000,0.000000,0.000000	1.609187,0.032996,0.113761	1.601485,0.020069,-0.097220	1.548816,0.015709,-0.257312	1.626663,-0.118814,0.125402	1.651904,-0.357325,0.169070	1.597311,-0.611663,0.253016	1.635780,0.186915,0.112409	1.664327,0.422407,0.168600	1.619815,0.683857,0.234764	12
1.636570,0.034099,0.288413	1.612525,0.037588,0.185633	0.000000,0.000000,0.000000	1.609627,0.032945,0.110673	1.601489,0.019907,-0.099801	1.548313,0.015642,-0.259376	1.626631,-0.119250,0.123538	1.652491,-0.358525,0.165487	1.596534,-0.612371,0.250033	1.635685,0.187337,0.110189	1.665711,0.422782,0.168062	1.619141,0.683777,0.234618	12
1.636186,0.034163,0.285417	1.613115,0.037586,0.183381	0.000000,0.000000,0.000000	1.610060,0.032907,0.108430	1.601506,0.019805,-0.101452	1.548110,0.015601,-0.260519	1.626522,-0.119375,0.121842	1.652671,-0.359446,0.161651	1.596191,-0.613004,0.246723	1.635654,0.187651,0.108714	1.667006,0.423206,0.167371	1.618623,0.683749,0.234415	12
1.635881,0.034216,0.283166	1.613686,0.037584,0.181592	0.000000,0.000000,0.000000	1.610481,0.032888,0.106648	1.601532,0.019778,-0.102555	1.548095,0.015655,-0.261105	1.626392,-0.119298,0.120157	1.652645,-0.360086,0.157871	1.596068,-0.613704,0.242702	1.635618,0.187831,0.107488	1.668154,0.423585,0.166302	1.618194,0.683618,0.234171	12
1.635719,0.034246,0.281698	1.614264,0.037580,0.180425	0.000000,0.000000,0.000000	1.610911,0.032883,0.105488	1.601580,0.019810,-0.103041	1.548289,0.015730,-0.261075	1.626401,-0.119175,0.118997	1.652722,-0.360438,0.155424	1.595897,-0.614407,0.239025	1.635588,0.187768,0.106389	1.668725,0.423883,0.164545	1.617983,0.683357,0.233957	12
1.635661,0.034255,0.280772	1.614836,0.037575,0.179752	0.000000,0.000000,0.000000	1.611343,0.032888,0.104821	1.601651,0.019880,-0.103111	1.547993,0.015766,-0.262516	1.626394,-0.118868,0.117806	1.652754,-0.360238,0.154355	1.596171,-0.614755,0.236432	1.635563,0.187574,0.105484	1.669092,0.424194,0.161833	1.617905,0.682893,0.233747	12
1.635664,0.034251,0.280172	1.615409,0.037570,0.179431	0.000000,0.000000,0.000000	1.611781,0.032899,0.104505	1.601735,0.019966,-0.102975	1.547529,0.015767,-0.264455	1.626399,-0.118607,0.116990	1.652811,-0.359861,0.153927	1.596789,-0.614639,0.235583	1.635530,0.187227,0.104544	1.669229,0.424428,0.158013	1.617993,0.682075,0.233542	12
1.635697,0.034243,0.279651	1.615984,0.037564,0.179248	0.000000,0.000000,0.000000	1.612225,0.032916,0.104327	1.601830,0.020062,-0.102887	1.547179,0.015763,-0.266524	1.626405,-0.118291,0.116067	1.652867,-0.359259,0.153739	1.597553,-0.614218,0.235316	1.635496,0.186839,0.103569	1.669222,0.424466,0.154314	1.618152,0.681269,0.232796	12
1.635735,0.034233,0.279076	1.616542,0.037555,0.179079	0.000000,0.000000,0.000000	1.612662,0.032934,0.104162	1.601932,0.020158,-0.102976	1.546958,0.015757,-0.268542	1.626407,-0.117936,0.114964	1.652922,-0.358568,0.153472	1.598534,-0.613610,0.235413	1.635472,0.186516,0.102675	1.669190,0.424276,0.151899	1.618273,0.680866,0.231212	12
1.635759,0.034225,0.278428	1.617088,0.037540,0.178886	0.000000,0.000000,0.000000	1.613088,0.032945,0.103975	1.602024,0.020236,-0.103218	1.546856,0.015755,-0.270393	1.626408,-0.117607,0.113813	1.652975,-0.357950,0.153124	1.599565,-0.613011,0.235645	1.635450,0.186212,0.101737	1.669111,0.423844,0.150888	1.618366,0.680847,0.228955	12
1.636003,0.034177,0.278958	1.617635,0.037523,0.178674	0.000000,0.000000,0.000000	1.613518,0.032956,0.103766	1.602121,0.020313,-0.103606	1.546890,0.015763,-0.272085	1.626411,-0.117285,0.112662	1.653338,-0.357354,0.152705	1.600034,-0.612382,0.235401	1.635463,0.186170,0.101298	1.669070,0.423652,0.150660	1.618364,0.681356,0.226375	12
1.636319,0.034112,0.279935	1.618170,0.037506,0.178444	0.000000,0.000000,0.000000	1.613933,0.032958,0.103542	1.602188,0.020355,-0.104062	1.546994,0.015776,-0.273584	1.626428,-0.117234,0.112163	1.653621,-0.357181,0.152296	1.600045,-0.612076,0.235225	1.635490,0.186243,0.101094	1.669052,0.423585,0.150769	1.618291,0.682098,0.223616	12
1.636628,0.034047,0.280963	1.618703,0.037487,0.178204	0.000000,0.000000,0.000000	1.614340,0.032952,0.103309	1.602230,0.020367,-0.104524	1.547717,0.015840,-0.273114	1.626450,-0.117277,0.111918	1.653587,-0.357202,0.151843	1.600055,-0.611983,0.235151	1.635523,0.186363,0.101013	1.669050,0.423625,0.150792	1.618189,0.682922,0.220727	12
1.636876,0.033991,0.281862	1.619221,0.037468,0.177961	0.000000,0.000000,0.000000	1.614730,0.032939,0.103073	1.602254,0.020359,-0.104960	1.548486,0.015907,-0.271840	1.626473,-0.117350,0.111789	1.653564,-0.357267,0.151424	1.600026,-0.611944,0.235044	1.635554,0.186486,0.100977	1.669062,0.423705,0.150673	1.618098,0.683671,0.218024	12
1.637088,0.033942,0.282562	1.619650,0.037450,0.177721	0.000000,0.000000,0.000000	1.615051,0.032924,0.102839	1.602266,0.020343,-0.105360	1.549139,0.015964,-0.270434	1.626492,-0.117419,0.111697	1.653572,-0.357346,0.150852	1.599996,-0.611862,0.234935	1.635583,0.186591,0.100955	1.669079,0.423786,0.150435	1.618096,0.684040,0.216691	12
1.637261,0.033898,0.283077	1.620085,0.037432,0.177476	0.000000,0.000000,0.000000	1.615375,0.032908,0.102601	1.602273,0.020322,-0.105725	1.549662,0.016008,-0.269226	1.626511,-0.117476,0.111609	1.653600,-0.357402,0.150276	1.599975,-0.611764,0.234794	1.635610,0.186684,0.100933	1.669098,0.423865,0.150095	1.618127,0.684331,0.215533	12
1.637415,0.033859,0.283412	1.620425,0.037413,0.177224	0.000000,0.000000,0.000000	1.615629,0.032890,0.102355	1.602276,0.020301,-0.106071	1.550060,0.016041,-0.268335	1.626525,-0.117518,0.111510	1.653643,-0.357427,0.149693	1.599980,-0.611679,0.234518	1.635635,0.186757,0.100908	1.669117,0.423932,0.149657	1.618194,0.684571,0.214437	12
1.637555,0.033823,0.283594	1.620719,0.037394,0.176950	0.000000,0.000000,0.000000	1.615846,0.032872,0.102085	1.602276,0.020279,-0.106412	1.550357,0.016066,-0.267775	1.626537,-0.117550,0.111390	1.653695,-0.357461,0.148847	1.600027,-0.611548,0.234161	1.635662,0.186824,0.100880	1.669135,0.423998,0.149108	1.618275,0.684760,0.213438	12
1.637651,0.033794,0.283676	1.621054,0.037373,0.176658	0.000000,0.000000,0.000000	1.616094,0.032852,0.101799	1.602279,0.020259,-0.106745	1.550593,0.016084,-0.267517	1.626550,-0.117576,0.111257	1.653766,-0.357505,0.147700	1.600105,-0.611333,0.233785	1.635693,0.186889,0.100848	1.669157,0.424085,0.148317	1.618351,0.684920,0.212381	12
1.637676,0.033778,0.283690	1.621423,0.037351,0.176357	0.000000,0.000000,0.000000	1.616368,0.032832,0.101504	1.602282,0.020240,-0.107068	1.550774,0.016098,-0.267502	1.626564,-0.117592,0.111104	1.653857,-0.357530,0.146295	1.600196,-0.611045,0.233297	1.635731,0.186951,0.100815	1.669186,0.424181,0.147254	1.618371,0.685036,0.211227	12
1.637636,0.033775,0.283662	1.621826,0.037329,0.176055	0.000000,0.000000,0.000000	1.616666,0.032812,0.101210	1.602286,0.020222,-0.107376	1.550911,0.016109,-0.267675	1.626578,-0.117598,0.110948	1.653964,-0.357495,0.144816	1.600350,-0.610739,0.232634	1.635771,0.187007,0.100783	1.669223,0.424277,0.145852	1.618399,0.684891,0.210782	12
1.638587,0.033209,0.283399	1.622244,0.037304,0.175729	0.000000,0.000000,0.000000	1.617017,0.032796,0.100887	1.602451,0.020232,-0.107685	1.551118,0.016096,-0.267903	1.627002,-0.117053,0.109431	1.653987,-0.356817,0.143309	1.600737,-0.610048,0.231387	1.636477,0.186404,0.099497	1.669171,0.423713,0.143964	1.618632,0.684038,0.210253	12
1.639764,0.032579,0.282985	1.622659,0.037278,0.175328	0.000000,0.000000,0.000000	1.617420,0.032788,0.100486	1.602820,0.020275,-0.108075	1.551497,0.016078,-0.268205	1.627416,-0.116574,0.107776	1.654043,-0.356236,0.141568	1.601110,-0.609475,0.229815	1.637236,0.185467,0.097338	1.669074,0.422784,0.141552	1.618977,0.682782,0.209440	12
1.641059,0.032107,0.282460	1.623072,0.037252,0.174862	0.000000,0.000000,0.000000	1.617882,0.032783,0.100015	1.603417,0.020329,-0.108553	1.551972,0.016070,-0.268537	1.627696,-0.116340,0.106444	1.654126,-0.355897,0.139839	1.601474,-0.609247,0.227932	1.637878,0.184820,0.095515	1.669026,0.422225,0.138743	1.619248,0.681750,0.208639	12
1.642007,0.031883,0.281517	1.623472,0.037226,0.173934	0.000000,0.000000,0.000000	1.618354,0.032820,0.099079	1.604094,0.020546,-0.109466	1.552363,0.016250,-0.269228	1.627942,-0.115987,0.104301	1.654204,-0.355287,0.137907	1.602381,-0.606617,0.224763	1.638372,0.184542,0.093816	1.669020,0.421994,0.135775	1.619885,0.678674,0.207152	12
1.642506,0.031825,0.279179	1.623870,0.037199,0.171546	0.000000,0.000000,0.000000	1.618808,0.032835,0.096685	1.604717,0.020688,-0.111714	1.552441,0.016404,-0.271181	1.628189,-0.116315,0.102214	1.654380,-0.355262,0.136255	1.603197,-0.604058,0.221099	1.638854,0.184534,0.091167	1.669051,0.421883,0.132325	1.620647,0.674947,0.205343	12
1.642418,0.031985,0.274394	1.624278,0.037171,0.167754	0.000000,0.000000,0.000000	1.619279,0.032789,0.092890	1.605382,0.020605,-0.115255	1.552383,0.016359,-0.274447	1.628917,-0.117006,0.099791	1.654596,-0.355580,0.134137	1.603342,-0.604011,0.217671	1.639461,0.185154,0.088491	1.669168,0.422352,0.128633	1.620843,0.673959,0.204002	12
