joint_position_head	joint_position_neck	joint_position_shoulder	joint_position_spine_top	joint_position_spine_mid	joint_position_spine_bottom	joint_position_left_shoulder	joint_position_left_elbow	joint_position_left_hand	joint_position_right_shoulder	joint_position_right_elbow	joint_position_right_hand	
XYZ order
1.623089,0.010171,0.262472	1.623590,0.011308,0.170168	0.000000,0.000000,0.000000	1.627048,0.008370,0.101837	1.636618,0.000238,-0.087287	1.602962,-0.001470,-0.243513	1.620914,-0.127621,0.103652	1.562738,-0.342591,0.057892	1.431974,-0.550572,0.098869	1.630766,0.142626,0.089938	1.588843,0.354796,0.019817	1.492314,0.580624,0.061249	12
1.623083,0.009863,0.262174	1.623580,0.011273,0.170231	0.000000,0.000000,0.000000	1.627073,0.008341,0.101901	1.636730,0.000238,-0.086957	1.603130,-0.001470,-0.243241	1.620808,-0.127195,0.103553	1.562821,-0.342262,0.058013	1.432383,-0.550708,0.097630	1.630911,0.142262,0.090137	1.588755,0.354408,0.020084	1.491547,0.579993,0.061248	12
1.623070,0.009774,0.261961	1.623535,0.011238,0.170309	0.000000,0.000000,0.000000	1.627053,0.008313,0.101980	1.636764,0.000238,-0.086601	1.603268,-0.001470,-0.242962	1.620709,-0.126889,0.103621	1.562899,-0.341998,0.058059	1.432539,-0.550742,0.096340	1.630732,0.141934,0.090303	1.588813,0.354217,0.020523	1.490586,0.579454,0.061161	12
1.623057,0.009766,0.261800	1.623485,0.011199,0.170391	0.000000,0.000000,0.000000	1.627020,0.008281,0.102062	1.636764,0.000238,-0.086227	1.603349,-0.001470,-0.242671	1.620617,-0.126588,0.103606	1.562988,-0.341760,0.058114	1.432583,-0.550726,0.095001	1.630365,0.141647,0.090456	1.588927,0.354163,0.021105	1.489450,0.578982,0.061011	12
1.623045,0.009778,0.261669	1.623430,0.011159,0.170467	0.000000,0.000000,0.000000	1.626980,0.008249,0.102139	1.636747,0.000243,-0.085871	1.603403,-0.001469,-0.242380	1.620342,-0.126292,0.103528	1.563112,-0.341597,0.058161	1.432464,-0.550703,0.093349	1.629856,0.141396,0.090594	1.588983,0.354169,0.021700	1.488217,0.578547,0.060847	12
1.623031,0.009794,0.261568	1.623184,0.011130,0.170546	0.000000,0.000000,0.000000	1.626797,0.008227,0.102221	1.636725,0.000250,-0.085523	1.603403,-0.001469,-0.242038	1.619915,-0.126007,0.103434	1.563262,-0.341492,0.058199	1.432294,-0.550621,0.092049	1.629223,0.141177,0.090717	1.588703,0.354217,0.022443	1.486886,0.578285,0.060640	12
1.622939,0.009809,0.261499	1.622639,0.011114,0.170636	0.000000,0.000000,0.000000	1.626395,0.008215,0.102318	1.636702,0.000259,-0.085174	1.603383,-0.001470,-0.241632	1.619290,-0.125746,0.103360	1.563435,-0.341452,0.058191	1.432075,-0.550670,0.089880	1.628538,0.140977,0.090833	1.587844,0.354229,0.023327	1.485654,0.578313,0.060432	12
1.621534,0.009846,0.261627	1.621886,0.011106,0.170731	0.000000,0.000000,0.000000	1.625604,0.008195,0.102412	1.635798,0.000215,-0.084884	1.602689,-0.001488,-0.241254	1.616858,-0.125562,0.103549	1.563888,-0.341903,0.058008	1.431406,-0.550739,0.087446	1.625182,0.140930,0.091051	1.586598,0.354674,0.023892	1.483972,0.578621,0.060631	12
1.618652,0.009878,0.261919	1.620463,0.011103,0.170827	0.000000,0.000000,0.000000	1.624089,0.008159,0.102504	1.634007,0.000107,-0.084331	1.601379,-0.001499,-0.240736	1.614029,-0.125358,0.103695	1.564352,-0.342407,0.057837	1.430803,-0.550755,0.085910	1.622426,0.140893,0.091330	1.583908,0.354777,0.024559	1.482531,0.579353,0.060893	12
1.615091,0.009741,0.262378	1.617829,0.011103,0.170927	0.000000,0.000000,0.000000	1.621521,0.008116,0.102610	1.631709,-0.000124,-0.085869	1.598939,-0.001529,-0.242258	1.611038,-0.125198,0.103924	1.564718,-0.342899,0.057627	1.430171,-0.550668,0.085256	1.619315,0.140871,0.091734	1.579780,0.354682,0.025325	1.481522,0.580675,0.061314	12
1.611473,0.009445,0.262950	1.614215,0.011100,0.171027	0.000000,0.000000,0.000000	1.618025,0.008087,0.102717	1.628678,-0.000335,-0.088175	1.594964,-0.001519,-0.244428	1.608477,-0.125063,0.104114	1.564740,-0.343225,0.057419	1.429670,-0.550717,0.084594	1.617094,0.140822,0.092199	1.574334,0.354130,0.026230	1.480757,0.582168,0.061644	12
1.607538,0.009056,0.263577	1.610069,0.011097,0.171130	0.000000,0.000000,0.000000	1.613873,0.008073,0.102821	1.624643,-0.000490,-0.090543	1.589262,-0.001464,-0.246525	1.605171,-0.124904,0.104284	1.564445,-0.343552,0.057122	1.429310,-0.551095,0.083563	1.615333,0.140753,0.092733	1.569915,0.353620,0.027106	1.479377,0.582996,0.061933	12
1.603236,0.008619,0.264199	1.605835,0.011088,0.171235	0.000000,0.000000,0.000000	1.609693,0.008062,0.102928	1.620738,-0.000600,-0.092603	1.583715,-0.001387,-0.248300	1.601237,-0.124742,0.104461	1.563738,-0.343852,0.056769	1.429043,-0.551763,0.082540	1.613604,0.140668,0.093305	1.567644,0.353450,0.027734	1.477209,0.582920,0.062363	12
1.599099,0.008144,0.264818	1.601939,0.011067,0.171339	0.000000,0.000000,0.000000	1.605924,0.008047,0.103039	1.617435,-0.000675,-0.094257	1.579359,-0.001302,-0.249775	1.597268,-0.124562,0.104592	1.562289,-0.343977,0.056358	1.429042,-0.552896,0.081439	1.611115,0.140615,0.093857	1.566300,0.353566,0.028044	1.475155,0.582707,0.063009	12
1.596309,0.007674,0.265412	1.598657,0.011033,0.171439	0.000000,0.000000,0.000000	1.602406,0.008032,0.103126	1.613311,-0.000699,-0.095627	1.575537,-0.001195,-0.251240	1.593995,-0.124374,0.104680	1.559103,-0.343691,0.055912	1.429532,-0.555054,0.079434	1.607097,0.140629,0.094323	1.565532,0.354022,0.027874	1.473073,0.582453,0.063978	12
1.594727,0.007172,0.265904	1.595585,0.010982,0.171506	0.000000,0.000000,0.000000	1.599153,0.008002,0.103182	1.609591,-0.000718,-0.096707	1.572463,-0.001081,-0.252456	1.591276,-0.124221,0.104725	1.553908,-0.342984,0.055395	1.430671,-0.558273,0.076613	1.601480,0.140553,0.094505	1.565378,0.354757,0.027592	1.471852,0.582531,0.065059	12
1.593809,0.006195,0.266305	1.592782,0.009456,0.171552	0.000000,0.000000,0.000000	1.596309,0.006897,0.103210	1.606674,-0.000619,-0.097592	1.569790,-0.001071,-0.253373	1.589759,-0.125222,0.104311	1.547426,-0.342941,0.054547	1.431269,-0.562304,0.073772	1.597444,0.138406,0.093982	1.565224,0.353671,0.028433	1.472202,0.581779,0.065112	12
1.593363,0.003817,0.266583	1.590211,0.006195,0.171577	0.000000,0.000000,0.000000	1.593923,0.004534,0.103221	1.604867,-0.000360,-0.098294	1.568252,-0.001133,-0.254119	1.587826,-0.127543,0.103235	1.542962,-0.344709,0.053162	1.428222,-0.565028,0.071134	1.595110,0.134472,0.093576	1.564808,0.350517,0.029597	1.473675,0.579706,0.064141	12
1.593081,0.001065,0.266757	1.587853,0.002589,0.171591	0.000000,0.000000,0.000000	1.591918,0.001918,0.103239	1.603933,-0.000064,-0.098788	1.567569,-0.001197,-0.254664	1.585036,-0.130274,0.101904	1.539804,-0.347304,0.051505	1.422981,-0.566439,0.070646	1.593384,0.131266,0.094592	1.563991,0.347374,0.030350	1.475242,0.577743,0.063193	12
1.592862,-0.001928,0.266866	1.585819,-0.000954,0.171602	0.000000,0.000000,0.000000	1.590292,-0.000656,0.103272	1.603393,0.000193,-0.096939	1.567844,-0.001226,-0.253012	1.581776,-0.132905,0.100618	1.539379,-0.350333,0.049566	1.417720,-0.566480,0.071550	1.592428,0.128207,0.095840	1.563424,0.344038,0.030503	1.476445,0.575214,0.062484	12
1.592748,-0.004199,0.266943	1.584290,-0.004047,0.171608	0.000000,0.000000,0.000000	1.589100,-0.002910,0.103307	1.603007,0.000353,-0.094303	1.568383,-0.001229,-0.250610	1.578929,-0.135077,0.099568	1.539665,-0.352868,0.047594	1.413066,-0.565768,0.072899	1.592052,0.125434,0.097031	1.563427,0.340877,0.030278	1.477688,0.572593,0.061751	12
1.592704,-0.005204,0.267006	1.583221,-0.005921,0.171613	0.000000,0.000000,0.000000	1.588258,-0.004281,0.103334	1.602645,0.000394,-0.091737	1.568857,-0.001216,-0.248273	1.577259,-0.136272,0.099035	1.540033,-0.354361,0.046740	1.409628,-0.564810,0.073576	1.591959,0.123650,0.097936	1.563595,0.338649,0.029665	1.478606,0.570628,0.061248	12
1.592680,-0.005371,0.267066	1.582501,-0.006803,0.171618	0.000000,0.000000,0.000000	1.587666,-0.004933,0.103353	1.602268,0.000360,-0.089596	1.569152,-0.001207,-0.246336	1.576199,-0.136733,0.098935	1.540420,-0.354999,0.046314	1.407275,-0.563659,0.073993	1.591919,0.122671,0.098468	1.563724,0.337184,0.028621	1.479261,0.569238,0.061043	12
1.592651,-0.005105,0.267124	1.581994,-0.007108,0.171623	0.000000,0.000000,0.000000	1.587219,-0.005165,0.103364	1.601869,0.000294,-0.087961	1.569286,-0.001204,-0.244893	1.575532,-0.136793,0.099039	1.540677,-0.355117,0.046010	1.405997,-0.562783,0.073928	1.591861,0.122199,0.098750	1.563693,0.336184,0.027293	1.479791,0.568259,0.060975	12
1.592615,-0.004678,0.267179	1.581637,-0.007147,0.171627	0.000000,0.000000,0.000000	1.586874,-0.005204,0.103371	1.601467,0.000221,-0.086794	1.569281,-0.001209,-0.243907	1.574990,-0.136720,0.099240	1.540794,-0.355024,0.045701	1.405765,-0.562407,0.074060	1.591851,0.121995,0.098885	1.563659,0.335453,0.025875	1.480203,0.567479,0.060958	12
1.592575,-0.004219,0.267235	1.581438,-0.007089,0.171633	0.000000,0.000000,0.000000	1.586631,-0.005173,0.103374	1.601043,0.000152,-0.086016	1.569118,-0.001221,-0.243300	1.574918,-0.136641,0.099429	1.540732,-0.354770,0.045183	1.405926,-0.562166,0.074443	1.591851,0.121930,0.098934	1.563685,0.334930,0.024582	1.480450,0.566867,0.060769	12
1.592528,-0.003772,0.267289	1.581352,-0.007013,0.171639	0.000000,0.000000,0.000000	1.586444,-0.005133,0.103372	1.600548,0.000079,-0.085675	1.568849,-0.001234,-0.243059	1.575127,-0.136594,0.099567	1.540441,-0.354332,0.044095	1.406390,-0.561917,0.075319	1.591853,0.121938,0.098935	1.563754,0.334429,0.023117	1.480572,0.566216,0.060381	12
1.592491,-0.003427,0.267308	1.581330,-0.006950,0.171643	0.000000,0.000000,0.000000	1.586286,-0.005107,0.103366	1.600019,0.000002,-0.085799	1.568529,-0.001247,-0.243139	1.575446,-0.136590,0.099644	1.539976,-0.353731,0.042378	1.407116,-0.561577,0.076679	1.591857,0.121984,0.098906	1.563850,0.333889,0.021437	1.480572,0.565471,0.059750	12
1.592570,-0.002965,0.267054	1.581335,-0.006905,0.171646	0.000000,0.000000,0.000000	1.586133,-0.005098,0.103356	1.599466,-0.000077,-0.086437	1.568158,-0.001252,-0.243485	1.575786,-0.136620,0.099647	1.539409,-0.353082,0.040422	1.407843,-0.561134,0.078238	1.591861,0.122059,0.098856	1.563957,0.333319,0.019608	1.480462,0.564656,0.058919	12
1.592805,-0.002379,0.266249	1.581346,-0.006872,0.171647	0.000000,0.000000,0.000000	1.585989,-0.005097,0.103346	1.598944,-0.000145,-0.087223	1.567800,-0.001258,-0.243822	1.576012,-0.136474,0.099233	1.538857,-0.352341,0.038331	1.408405,-0.560383,0.079891	1.591862,0.122146,0.098760	1.564057,0.332778,0.017819	1.480188,0.563862,0.057815	12
