joint_position_head	joint_position_neck	joint_position_shoulder	joint_position_spine_top	joint_position_spine_mid	joint_position_spine_bottom	joint_position_left_shoulder	joint_position_left_elbow	joint_position_left_hand	joint_position_right_shoulder	joint_position_right_elbow	joint_position_right_hand	
XYZ order
1.643491,0.051885,0.369548	1.638174,0.050255,0.274904	0.000000,0.000000,0.000000	1.638539,0.049021,0.204793	1.639577,0.045514,0.005417	1.598745,0.042684,-0.152987	1.654587,-0.096527,0.200870	1.729198,-0.315595,0.226152	1.665598,-0.374843,0.465914	1.646954,0.198293,0.202082	1.694530,0.422120,0.244913	1.629784,0.473265,0.486229	12
1.643630,0.051880,0.369228	1.638174,0.050255,0.274903	0.000000,0.000000,0.000000	1.638528,0.049021,0.204791	1.639534,0.045513,0.005374	1.598724,0.042685,-0.153008	1.654578,-0.096437,0.200914	1.729169,-0.315518,0.226140	1.665630,-0.374903,0.465886	1.646910,0.198205,0.202126	1.694373,0.422067,0.244896	1.629489,0.473282,0.486161	12
1.643781,0.051876,0.368981	1.638174,0.050255,0.274905	0.000000,0.000000,0.000000	1.638516,0.049021,0.204793	1.639490,0.045512,0.005334	1.598704,0.042686,-0.153030	1.654569,-0.096355,0.200955	1.729142,-0.315447,0.226144	1.665662,-0.374983,0.465867	1.646868,0.198124,0.202166	1.694208,0.422023,0.244882	1.629092,0.473383,0.486053	12
1.643928,0.051872,0.368786	1.638174,0.050255,0.274907	0.000000,0.000000,0.000000	1.638505,0.049021,0.204796	1.639446,0.045512,0.005295	1.598684,0.042687,-0.153053	1.654561,-0.096281,0.200991	1.729118,-0.315382,0.226137	1.665687,-0.374976,0.465859	1.646829,0.198051,0.202202	1.694038,0.421988,0.244866	1.628645,0.473501,0.485930	12
1.644027,0.051870,0.368634	1.638174,0.050255,0.274909	0.000000,0.000000,0.000000	1.638494,0.049021,0.204798	1.639403,0.045511,0.005255	1.598663,0.042688,-0.153079	1.654554,-0.096213,0.201022	1.729110,-0.315321,0.226113	1.665711,-0.374906,0.465846	1.646791,0.197986,0.202234	1.693853,0.421962,0.244852	1.628084,0.473610,0.485784	12
1.644098,0.051868,0.368519	1.638174,0.050255,0.274919	0.000000,0.000000,0.000000	1.638482,0.049021,0.204807	1.639357,0.045511,0.005218	1.598642,0.042689,-0.153104	1.654547,-0.096150,0.201052	1.729110,-0.315264,0.226065	1.665737,-0.374810,0.465815	1.646753,0.197924,0.202264	1.693646,0.421948,0.244818	1.627569,0.473713,0.485641	12
1.644156,0.051866,0.368432	1.638174,0.050255,0.274932	0.000000,0.000000,0.000000	1.638470,0.049021,0.204820	1.639311,0.045510,0.005177	1.598620,0.042690,-0.153134	1.654541,-0.096091,0.201082	1.729127,-0.315211,0.225983	1.665763,-0.374751,0.465736	1.646715,0.197866,0.202292	1.693420,0.421944,0.244769	1.627179,0.473664,0.485557	12
1.644212,0.051865,0.368362	1.638174,0.050255,0.274947	0.000000,0.000000,0.000000	1.638458,0.049022,0.204835	1.639266,0.045509,0.005130	1.598597,0.042691,-0.153172	1.654536,-0.096038,0.201108	1.729147,-0.315163,0.225885	1.665815,-0.374684,0.465651	1.646678,0.197815,0.202317	1.693177,0.421949,0.244722	1.626791,0.473522,0.485501	12
1.644248,0.051864,0.368309	1.638174,0.050255,0.274962	0.000000,0.000000,0.000000	1.638447,0.049022,0.204850	1.639224,0.045508,0.005071	1.598572,0.042692,-0.153224	1.654531,-0.095990,0.201132	1.729180,-0.315119,0.225761	1.665813,-0.374632,0.465520	1.646638,0.197768,0.202340	1.692940,0.421974,0.244582	1.626334,0.473419,0.485328	12
1.644274,0.051864,0.368259	1.638174,0.050255,0.274969	0.000000,0.000000,0.000000	1.638436,0.049022,0.204857	1.639181,0.045507,0.005000	1.598543,0.042693,-0.153289	1.654528,-0.095948,0.201151	1.729189,-0.315089,0.225641	1.665849,-0.374628,0.465400	1.646597,0.197729,0.202359	1.692729,0.422021,0.244329	1.625869,0.473324,0.485034	12
1.644288,0.051863,0.368216	1.638174,0.050255,0.274970	0.000000,0.000000,0.000000	1.638424,0.049022,0.204858	1.639137,0.045506,0.004929	1.598512,0.042693,-0.153355	1.654525,-0.095910,0.201162	1.729183,-0.315069,0.225501	1.665829,-0.374747,0.465222	1.646560,0.197696,0.202375	1.692513,0.422080,0.244049	1.625429,0.473259,0.484718	12
1.644297,0.051862,0.368179	1.638174,0.050255,0.274968	0.000000,0.000000,0.000000	1.638413,0.049022,0.204856	1.639095,0.045505,0.004864	1.598483,0.042694,-0.153416	1.654524,-0.095876,0.201169	1.729177,-0.315052,0.225366	1.665746,-0.374991,0.465001	1.646517,0.197667,0.202389	1.692279,0.422116,0.243925	1.625186,0.473240,0.484605	12
1.644304,0.051862,0.368149	1.638174,0.050255,0.274965	0.000000,0.000000,0.000000	1.638402,0.049022,0.204853	1.639053,0.045504,0.004806	1.598455,0.042694,-0.153470	1.654522,-0.095845,0.201175	1.729171,-0.315029,0.225308	1.665691,-0.375269,0.464855	1.646472,0.197642,0.202401	1.692039,0.422139,0.243891	1.625092,0.473247,0.484614	12
1.644311,0.051861,0.368125	1.638174,0.050255,0.274962	0.000000,0.000000,0.000000	1.638395,0.049022,0.204850	1.639026,0.045503,0.004756	1.598434,0.042695,-0.153516	1.654522,-0.095814,0.201174	1.729161,-0.315004,0.225290	1.666063,-0.375196,0.464950	1.646427,0.197619,0.202412	1.691815,0.422157,0.243874	1.625281,0.473274,0.484709	12
1.644319,0.051861,0.368104	1.638174,0.050255,0.274958	0.000000,0.000000,0.000000	1.638390,0.049022,0.204846	1.639007,0.045502,0.004711	1.598417,0.042696,-0.153555	1.654524,-0.095783,0.201169	1.729154,-0.314988,0.225170	1.666569,-0.374959,0.465020	1.646385,0.197599,0.202422	1.691589,0.422178,0.243863	1.625582,0.473307,0.484841	12
1.644324,0.051860,0.368087	1.638174,0.050255,0.274952	0.000000,0.000000,0.000000	1.638385,0.049022,0.204840	1.638986,0.045501,0.004672	1.598400,0.042697,-0.153589	1.654525,-0.095755,0.201160	1.729148,-0.314978,0.225023	1.667144,-0.374659,0.465095	1.646332,0.197582,0.202430	1.691498,0.422174,0.243843	1.626098,0.473342,0.484978	12
1.644329,0.051860,0.368073	1.638174,0.050255,0.274945	0.000000,0.000000,0.000000	1.638381,0.049022,0.204833	1.638972,0.045501,0.004639	1.598387,0.042697,-0.153618	1.654527,-0.095729,0.201154	1.729143,-0.314972,0.224856	1.667696,-0.374286,0.465163	1.646278,0.197567,0.202437	1.691477,0.422158,0.243820	1.626303,0.473341,0.485013	12
1.644333,0.051860,0.368062	1.638174,0.050255,0.274939	0.000000,0.000000,0.000000	1.638379,0.049021,0.204827	1.638963,0.045500,0.004611	1.598376,0.042697,-0.153642	1.654541,-0.095675,0.201089	1.729126,-0.314939,0.224689	1.668166,-0.373963,0.465192	1.646213,0.197553,0.202444	1.691501,0.422132,0.243794	1.626341,0.473335,0.484988	12
1.644337,0.051860,0.368053	1.638174,0.050255,0.274932	0.000000,0.000000,0.000000	1.638375,0.049021,0.204820	1.638949,0.045500,0.004587	1.598366,0.042698,-0.153663	1.654560,-0.095610,0.201001	1.729100,-0.314885,0.224642	1.668288,-0.373559,0.465269	1.646144,0.197542,0.202449	1.691541,0.422107,0.243756	1.626455,0.473349,0.484961	12
1.644340,0.051860,0.368045	1.638174,0.050255,0.274923	0.000000,0.000000,0.000000	1.638371,0.049021,0.204811	1.638931,0.045500,0.004566	1.598355,0.042698,-0.153683	1.654583,-0.095539,0.200898	1.729070,-0.314824,0.224619	1.668199,-0.373174,0.465309	1.646071,0.197532,0.202454	1.691562,0.422081,0.243744	1.626499,0.473353,0.484948	12
1.644342,0.051860,0.368038	1.638174,0.050255,0.274914	0.000000,0.000000,0.000000	1.638366,0.049021,0.204802	1.638911,0.045499,0.004548	1.598345,0.042699,-0.153699	1.654607,-0.095467,0.200789	1.729039,-0.314760,0.224598	1.668024,-0.372989,0.465280	1.646038,0.197522,0.202458	1.691569,0.422065,0.243735	1.626502,0.473335,0.484939	12
1.644343,0.051860,0.368035	1.638174,0.050255,0.274908	0.000000,0.000000,0.000000	1.638360,0.049021,0.204796	1.638892,0.045499,0.004537	1.598336,0.042699,-0.153709	1.654614,-0.095437,0.200760	1.729027,-0.314736,0.224571	1.667934,-0.373150,0.465189	1.646026,0.197511,0.202463	1.691662,0.422035,0.243725	1.626484,0.473313,0.484897	12
1.644343,0.051860,0.368033	1.638174,0.050255,0.274903	0.000000,0.000000,0.000000	1.638355,0.049021,0.204791	1.638872,0.045499,0.004528	1.598327,0.042700,-0.153717	1.654618,-0.095414,0.200741	1.729018,-0.314721,0.224523	1.667917,-0.373462,0.465059	1.646021,0.197500,0.202468	1.691685,0.422022,0.243714	1.626479,0.473307,0.484877	12
1.644343,0.051860,0.368033	1.638174,0.050255,0.274898	0.000000,0.000000,0.000000	1.638350,0.049021,0.204786	1.638851,0.045499,0.004522	1.598318,0.042700,-0.153723	1.654618,-0.095400,0.200738	1.729010,-0.314717,0.224452	1.667894,-0.373467,0.464982	1.646020,0.197490,0.202472	1.691695,0.422015,0.243688	1.626474,0.473310,0.484845	12
1.644343,0.051860,0.368032	1.638174,0.050255,0.274894	0.000000,0.000000,0.000000	1.638344,0.049021,0.204782	1.638829,0.045499,0.004517	1.598310,0.042700,-0.153727	1.654617,-0.095392,0.200743	1.728987,-0.314726,0.224375	1.667895,-0.373276,0.464960	1.646017,0.197481,0.202475	1.691701,0.422015,0.243633	1.626471,0.473305,0.484788	12
1.644343,0.051859,0.368032	1.638174,0.050255,0.274889	0.000000,0.000000,0.000000	1.638338,0.049021,0.204777	1.638804,0.045499,0.004512	1.598300,0.042701,-0.153732	1.654616,-0.095385,0.200749	1.728947,-0.314742,0.224289	1.667936,-0.373128,0.464935	1.646014,0.197471,0.202475	1.691707,0.422017,0.243559	1.626425,0.473324,0.484696	12
1.644342,0.051859,0.368031	1.638174,0.050255,0.274883	0.000000,0.000000,0.000000	1.638332,0.049021,0.204771	1.638781,0.045499,0.004507	1.598291,0.042701,-0.153737	1.654615,-0.095382,0.200754	1.728901,-0.314764,0.224199	1.667995,-0.372978,0.464913	1.646009,0.197447,0.202437	1.691711,0.422008,0.243427	1.626310,0.473398,0.484515	12
1.644342,0.051859,0.368030	1.638174,0.050255,0.274878	0.000000,0.000000,0.000000	1.638326,0.049021,0.204766	1.638758,0.045498,0.004502	1.598283,0.042701,-0.153741	1.654614,-0.095382,0.200756	1.728851,-0.314791,0.224103	1.668018,-0.372863,0.464869	1.646003,0.197416,0.202377	1.691722,0.421994,0.243256	1.626085,0.473528,0.484249	12
1.644342,0.051859,0.368029	1.638174,0.050255,0.274872	0.000000,0.000000,0.000000	1.638320,0.049021,0.204760	1.638736,0.045498,0.004498	1.598274,0.042700,-0.153744	1.654614,-0.095385,0.200756	1.728801,-0.314823,0.223989	1.668017,-0.372752,0.464802	1.645997,0.197386,0.202309	1.691738,0.421982,0.243063	1.625792,0.473669,0.483939	12
