joint_position_head	joint_position_neck	joint_position_shoulder	joint_position_spine_top	joint_position_spine_mid	joint_position_spine_bottom	joint_position_left_shoulder	joint_position_left_elbow	joint_position_left_hand	joint_position_right_shoulder	joint_position_right_elbow	joint_position_right_hand	
XYZ order
1.667738,0.036636,0.346380	1.665370,0.030724,0.242606	0.000000,0.000000,0.000000	1.661567,0.029244,0.171420	1.650213,0.024825,-0.041142	1.600781,0.021830,-0.206114	1.662117,-0.133002,0.199962	1.568201,-0.198841,0.407039	1.542626,-0.010571,0.583530	1.668687,0.194018,0.198340	1.580378,0.283251,0.399026	1.545046,0.090875,0.569296	12
1.667768,0.036638,0.346195	1.665320,0.030727,0.242606	0.000000,0.000000,0.000000	1.661373,0.029276,0.171427	1.649587,0.024945,-0.041112	1.600983,0.022163,-0.206420	1.661929,-0.132933,0.199681	1.568289,-0.199051,0.406794	1.542386,-0.011022,0.583495	1.668366,0.194004,0.198226	1.580440,0.283273,0.399065	1.545119,0.090810,0.569240	12
1.667779,0.036638,0.345996	1.665271,0.030729,0.242606	0.000000,0.000000,0.000000	1.661218,0.029306,0.171433	1.649114,0.025059,-0.041091	1.600975,0.022404,-0.206606	1.661869,-0.132907,0.199558	1.568322,-0.199052,0.406705	1.542028,-0.011992,0.584370	1.668250,0.194007,0.198194	1.580447,0.283280,0.399084	1.545101,0.090778,0.569210	12
1.667778,0.036639,0.345783	1.665181,0.030731,0.242606	0.000000,0.000000,0.000000	1.661057,0.029317,0.171437	1.648745,0.025093,-0.041076	1.600749,0.022568,-0.206690	1.661872,-0.132908,0.199535	1.568317,-0.198967,0.406705	1.541536,-0.013475,0.585928	1.668205,0.194014,0.198188	1.580432,0.283280,0.399094	1.545033,0.090772,0.569202	12
1.667770,0.036638,0.345558	1.665047,0.030733,0.242606	0.000000,0.000000,0.000000	1.660883,0.029325,0.171439	1.648449,0.025122,-0.041067	1.600426,0.022672,-0.206718	1.661906,-0.132915,0.199536	1.568308,-0.198849,0.406726	1.541075,-0.014697,0.587261	1.668196,0.194021,0.198193	1.580402,0.283275,0.399096	1.544734,0.090829,0.569216	12
1.667757,0.036632,0.345348	1.664900,0.030735,0.242606	0.000000,0.000000,0.000000	1.660687,0.029335,0.171442	1.648106,0.025153,-0.041056	1.600142,0.022741,-0.206760	1.661949,-0.132925,0.199548	1.568292,-0.198743,0.406749	1.540556,-0.016406,0.589040	1.668202,0.194026,0.198192	1.580362,0.283268,0.399080	1.544211,0.091016,0.569318	12
1.667742,0.036623,0.345163	1.664801,0.030738,0.242607	0.000000,0.000000,0.000000	1.660523,0.029345,0.171446	1.647749,0.025187,-0.041041	1.599882,0.022800,-0.206801	1.661983,-0.132934,0.199561	1.568276,-0.198633,0.406778	1.540007,-0.018475,0.591139	1.668218,0.194030,0.198188	1.580285,0.283250,0.399045	1.543605,0.091155,0.569346	12
1.667723,0.036614,0.345013	1.664732,0.030740,0.242607	0.000000,0.000000,0.000000	1.660392,0.029356,0.171449	1.647432,0.025224,-0.041026	1.599655,0.022859,-0.206835	1.662007,-0.132940,0.199570	1.568273,-0.198612,0.406783	1.539515,-0.019370,0.591973	1.668231,0.194035,0.198186	1.580104,0.283215,0.398976	1.543015,0.091265,0.569354	12
1.667705,0.036605,0.344894	1.664681,0.030743,0.242607	0.000000,0.000000,0.000000	1.660312,0.029369,0.171451	1.647268,0.025268,-0.041020	1.599585,0.022922,-0.206874	1.662024,-0.132944,0.199575	1.568286,-0.198715,0.406754	1.538944,-0.019478,0.591861	1.668240,0.194040,0.198185	1.579869,0.283173,0.398888	1.542426,0.091343,0.569323	12
1.667688,0.036598,0.344798	1.664594,0.030745,0.242607	0.000000,0.000000,0.000000	1.660231,0.029383,0.171450	1.647204,0.025315,-0.041022	1.599572,0.022994,-0.206905	1.662050,-0.132947,0.199576	1.568296,-0.198879,0.406697	1.538245,-0.019094,0.591154	1.668253,0.194044,0.198184	1.579553,0.283116,0.398769	1.541856,0.091366,0.569239	12
1.667673,0.036592,0.344719	1.664471,0.030748,0.242607	0.000000,0.000000,0.000000	1.660132,0.029397,0.171449	1.647175,0.025364,-0.041029	1.599568,0.023070,-0.206931	1.662084,-0.132950,0.199575	1.568298,-0.199071,0.406621	1.537566,-0.018326,0.590020	1.668271,0.194046,0.198182	1.579169,0.283045,0.398621	1.541334,0.091311,0.569077	12
1.667658,0.036588,0.344653	1.664332,0.030750,0.242607	0.000000,0.000000,0.000000	1.660026,0.029411,0.171447	1.647169,0.025413,-0.041038	1.599561,0.023152,-0.206949	1.662121,-0.132952,0.199574	1.568372,-0.199181,0.406602	1.537068,-0.017786,0.589262	1.668290,0.194048,0.198180	1.578691,0.282957,0.398437	1.540887,0.091188,0.568862	12
1.667648,0.036583,0.344599	1.664195,0.030753,0.242607	0.000000,0.000000,0.000000	1.659924,0.029422,0.171444	1.647172,0.025448,-0.041047	1.599530,0.023212,-0.206956	1.662158,-0.132954,0.199571	1.568438,-0.199288,0.406579	1.536535,-0.016176,0.587403	1.668309,0.194048,0.198178	1.578163,0.282862,0.398232	1.540407,0.090961,0.568518	12
1.667643,0.036580,0.344552	1.664034,0.030756,0.242607	0.000000,0.000000,0.000000	1.659805,0.029431,0.171442	1.647180,0.025474,-0.041057	1.599483,0.023257,-0.206957	1.662201,-0.132956,0.199568	1.568515,-0.199328,0.406579	1.535854,-0.014258,0.585257	1.668332,0.194048,0.198175	1.577585,0.282759,0.398003	1.539957,0.090631,0.568061	12
1.667640,0.036577,0.344510	1.663862,0.030758,0.242607	0.000000,0.000000,0.000000	1.659681,0.029436,0.171439	1.647200,0.025487,-0.041069	1.599447,0.023285,-0.206957	1.662247,-0.132957,0.199566	1.568556,-0.199342,0.406571	1.535006,-0.012135,0.582841	1.668357,0.194047,0.198173	1.577036,0.282672,0.397777	1.539545,0.090162,0.567434	12
1.667639,0.036574,0.344475	1.663734,0.030761,0.242607	0.000000,0.000000,0.000000	1.659591,0.029439,0.171437	1.647221,0.025493,-0.041078	1.599425,0.023301,-0.206957	1.662281,-0.132957,0.199563	1.568570,-0.199316,0.406567	1.533804,-0.011297,0.581750	1.668375,0.194047,0.198170	1.576411,0.282585,0.397518	1.539252,0.089432,0.566514	12
1.667638,0.036572,0.344443	1.663637,0.030764,0.242607	0.000000,0.000000,0.000000	1.659524,0.029442,0.171435	1.647242,0.025494,-0.041084	1.599412,0.023311,-0.206958	1.662306,-0.132957,0.199560	1.568467,-0.199127,0.406566	1.532476,-0.011135,0.581538	1.668382,0.194048,0.198166	1.575699,0.282484,0.397226	1.539142,0.088354,0.565227	12
1.667637,0.036569,0.344414	1.663548,0.030766,0.242607	0.000000,0.000000,0.000000	1.659462,0.029444,0.171433	1.647262,0.025494,-0.041091	1.599404,0.023317,-0.206958	1.662329,-0.132956,0.199557	1.568171,-0.198975,0.406466	1.531067,-0.011451,0.581706	1.668386,0.194048,0.198163	1.575008,0.282396,0.396937	1.539568,0.086699,0.563345	12
1.667637,0.036567,0.344384	1.663466,0.030769,0.242607	0.000000,0.000000,0.000000	1.659406,0.029445,0.171432	1.647280,0.025493,-0.041097	1.599397,0.023320,-0.206959	1.662351,-0.132955,0.199555	1.567514,-0.199044,0.406130	1.529912,-0.011951,0.581724	1.668389,0.194049,0.198160	1.574811,0.282509,0.396791	1.540100,0.084882,0.561053	12
1.667639,0.036568,0.344347	1.663450,0.030772,0.242607	0.000000,0.000000,0.000000	1.659395,0.029447,0.171431	1.647288,0.025493,-0.041098	1.599396,0.023319,-0.206959	1.662355,-0.132953,0.199552	1.566616,-0.199280,0.405634	1.529208,-0.012627,0.581734	1.668380,0.194052,0.198158	1.574699,0.282555,0.396720	1.540950,0.082007,0.557586	12
1.667645,0.036577,0.344268	1.663466,0.030775,0.242604	0.000000,0.000000,0.000000	1.659408,0.029449,0.171429	1.647290,0.025492,-0.041100	1.599399,0.023317,-0.206962	1.662351,-0.132951,0.199550	1.566038,-0.199474,0.405302	1.529210,-0.013346,0.582075	1.668355,0.194056,0.198148	1.574669,0.282580,0.396699	1.541539,0.080209,0.555424	12
1.667650,0.036669,0.343836	1.663513,0.030778,0.242589	0.000000,0.000000,0.000000	1.659469,0.029459,0.171413	1.647392,0.025520,-0.041118	1.599882,0.023324,-0.207091	1.662380,-0.132396,0.197526	1.566565,-0.199134,0.403442	1.529282,-0.015285,0.582469	1.668318,0.193541,0.196294	1.575420,0.282015,0.395237	1.541598,0.080551,0.554972	12
1.667668,0.036806,0.342881	1.663576,0.030781,0.242557	0.000000,0.000000,0.000000	1.659611,0.029465,0.171376	1.647769,0.025537,-0.041168	1.600559,0.023329,-0.207227	1.662402,-0.131766,0.195291	1.567095,-0.198891,0.401317	1.529912,-0.017259,0.582613	1.668247,0.192297,0.192178	1.576680,0.281163,0.391561	1.541582,0.082977,0.555007	12
1.667595,0.037039,0.342656	1.663642,0.030784,0.242369	0.000000,0.000000,0.000000	1.659752,0.029471,0.171184	1.648139,0.025550,-0.041373	1.601171,0.023359,-0.207502	1.662254,-0.128579,0.190869	1.568751,-0.198352,0.396827	1.530372,-0.021263,0.582268	1.668126,0.189379,0.188678	1.577193,0.281476,0.386859	1.542175,0.086271,0.553875	12
1.667442,0.037159,0.342073	1.663724,0.030787,0.241396	0.000000,0.000000,0.000000	1.659881,0.029433,0.170209	1.648405,0.025388,-0.042353	1.601676,0.023323,-0.208551	1.662268,-0.125528,0.188615	1.569587,-0.198414,0.393859	1.531432,-0.022990,0.581656	1.668272,0.185925,0.185415	1.576538,0.283166,0.380697	1.543423,0.090448,0.551723	12
1.667341,0.037218,0.340934	1.663823,0.030791,0.239733	0.000000,0.000000,0.000000	1.659992,0.029391,0.168546	1.648550,0.025213,-0.044015	1.601968,0.023295,-0.210257	1.662383,-0.122858,0.187545	1.569472,-0.199300,0.391381	1.533176,-0.023999,0.580919	1.668513,0.182750,0.182977	1.576439,0.284428,0.375844	1.544355,0.093237,0.550152	12
1.667273,0.037230,0.338699	1.663933,0.030794,0.236987	0.000000,0.000000,0.000000	1.660081,0.029359,0.165802	1.648579,0.025073,-0.046754	1.602160,0.023289,-0.213043	1.662535,-0.120799,0.187140	1.569011,-0.200481,0.389458	1.535111,-0.024462,0.580191	1.668824,0.180548,0.182027	1.576722,0.285258,0.373296	1.545011,0.094325,0.549518	12
1.667197,0.037159,0.335739	1.664047,0.030798,0.233583	0.000000,0.000000,0.000000	1.660162,0.029339,0.162400	1.648559,0.024984,-0.050150	1.602018,0.023284,-0.216406	1.662711,-0.120924,0.186340	1.568419,-0.201529,0.387956	1.537029,-0.024686,0.579513	1.669283,0.180791,0.181350	1.577366,0.285523,0.372723	1.545487,0.093678,0.549183	12
1.667121,0.037055,0.332919	1.664162,0.030802,0.230401	0.000000,0.000000,0.000000	1.660234,0.029328,0.159221	1.648508,0.024927,-0.053321	1.601423,0.023271,-0.219424	1.662874,-0.122011,0.185411	1.566905,-0.203371,0.385931	1.539356,-0.025043,0.577588	1.669768,0.182069,0.180776	1.578428,0.285756,0.372988	1.545993,0.092500,0.548772	12
1.667027,0.036879,0.329585	1.664275,0.030807,0.227732	0.000000,0.000000,0.000000	1.660309,0.029324,0.156554	1.648469,0.024898,-0.055981	1.600712,0.023252,-0.221892	1.663111,-0.123376,0.184461	1.564983,-0.205959,0.383425	1.541124,-0.025537,0.574394	1.670244,0.183700,0.180500	1.579905,0.285930,0.373951	1.546671,0.091366,0.548989	12
