joint_position_head	joint_position_neck	joint_position_shoulder	joint_position_spine_top	joint_position_spine_mid	joint_position_spine_bottom	joint_position_left_shoulder	joint_position_left_elbow	joint_position_left_hand	joint_position_right_shoulder	joint_position_right_elbow	joint_position_right_hand	
XYZ order
1.702364,0.028711,0.263020	1.697834,0.027218,0.164009	0.000000,0.000000,0.000000	1.686208,0.025874,0.093673	1.651494,0.021862,-0.116350	1.602629,0.021175,-0.281286	1.689235,-0.106433,0.122193	1.613562,-0.233473,0.307043	1.599657,-0.059548,0.500453	1.694345,0.160896,0.121524	1.619535,0.290104,0.305222	1.602203,0.115008,0.497336	12
1.704529,0.028660,0.262404	1.697757,0.027225,0.163845	0.000000,0.000000,0.000000	1.686174,0.025891,0.093501	1.651589,0.021907,-0.116543	1.602968,0.021201,-0.281683	1.689557,-0.105873,0.120742	1.613533,-0.231874,0.306157	1.598217,-0.061343,0.502207	1.694156,0.160716,0.121326	1.619536,0.290124,0.304959	1.602103,0.115286,0.497022	12
1.706753,0.028642,0.261794	1.697681,0.027231,0.163691	0.000000,0.000000,0.000000	1.686127,0.025904,0.093343	1.651628,0.021942,-0.116717	1.603120,0.021223,-0.281995	1.689926,-0.105639,0.120462	1.612816,-0.231043,0.305833	1.597114,-0.062118,0.503016	1.693970,0.160560,0.121358	1.619474,0.290262,0.304834	1.602023,0.115768,0.496945	12
1.708273,0.028637,0.261282	1.697606,0.027236,0.163537	0.000000,0.000000,0.000000	1.686071,0.025915,0.093185	1.651629,0.021973,-0.116884	1.603091,0.021244,-0.282238	1.690071,-0.105605,0.120954	1.611954,-0.230145,0.306488	1.595831,-0.061776,0.503905	1.693887,0.160458,0.121655	1.619381,0.290432,0.304935	1.602056,0.116207,0.497076	12
1.709057,0.028634,0.260894	1.697530,0.027240,0.163381	0.000000,0.000000,0.000000	1.686010,0.025926,0.093027	1.651610,0.022003,-0.117050	1.602968,0.021265,-0.282441	1.690068,-0.105640,0.121769	1.611142,-0.229102,0.307682	1.594128,-0.060878,0.504969	1.693856,0.160377,0.122086	1.619277,0.290579,0.305174	1.602120,0.116389,0.497181	12
1.709336,0.028631,0.260592	1.697453,0.027243,0.163204	0.000000,0.000000,0.000000	1.685945,0.025935,0.092848	1.651582,0.022027,-0.117235	1.602824,0.021279,-0.282646	1.689984,-0.105731,0.122831	1.610254,-0.227966,0.309210	1.593547,-0.059583,0.506243	1.693849,0.160297,0.122553	1.619130,0.290628,0.305492	1.602114,0.115864,0.496845	12
1.709356,0.028628,0.260358	1.697372,0.027246,0.163020	0.000000,0.000000,0.000000	1.685877,0.025969,0.092661	1.651552,0.022158,-0.117430	1.602630,0.021245,-0.282834	1.689879,-0.105808,0.123894	1.608900,-0.227432,0.310136	1.593865,-0.058833,0.506999	1.693851,0.160209,0.123029	1.618968,0.290654,0.305821	1.602054,0.114976,0.496231	12
1.709264,0.028624,0.260183	1.697290,0.027248,0.162842	0.000000,0.000000,0.000000	1.685808,0.026026,0.092480	1.651524,0.022378,-0.117620	1.602420,0.021174,-0.283004	1.689778,-0.105786,0.124633	1.607568,-0.228455,0.309638	1.594573,-0.059379,0.506149	1.693854,0.160106,0.123454	1.618808,0.290647,0.306110	1.601935,0.113795,0.495347	12
1.709088,0.028620,0.260046	1.697205,0.027250,0.162658	0.000000,0.000000,0.000000	1.685738,0.026094,0.092293	1.651495,0.022643,-0.117818	1.602194,0.021083,-0.283167	1.689636,-0.105712,0.125175	1.606005,-0.230488,0.308108	1.595461,-0.060981,0.504328	1.693854,0.159987,0.123789	1.618716,0.290768,0.306234	1.601830,0.113566,0.495079	12
1.708765,0.028618,0.259949	1.697115,0.027252,0.162470	0.000000,0.000000,0.000000	1.685663,0.026169,0.092101	1.651468,0.022935,-0.118021	1.601955,0.020977,-0.283325	1.689481,-0.105630,0.125660	1.604538,-0.232648,0.306433	1.596172,-0.062886,0.502490	1.693850,0.159895,0.124186	1.618624,0.291041,0.306333	1.601678,0.113775,0.495061	12
1.708392,0.028617,0.259917	1.697023,0.027255,0.162331	0.000000,0.000000,0.000000	1.685590,0.026247,0.091958	1.651450,0.023237,-0.118176	1.601734,0.020866,-0.283432	1.689334,-0.105540,0.126137	1.603570,-0.234154,0.305402	1.596467,-0.064362,0.501446	1.693844,0.159815,0.124638	1.618497,0.291301,0.306491	1.601432,0.114168,0.495291	12
1.707991,0.028617,0.259922	1.696928,0.027257,0.162226	0.000000,0.000000,0.000000	1.685516,0.026322,0.091848	1.651438,0.023528,-0.118299	1.601572,0.020759,-0.283518	1.689168,-0.105446,0.126605	1.602658,-0.235599,0.304405	1.596610,-0.066067,0.499556	1.693836,0.159745,0.125125	1.618338,0.291559,0.306676	1.601124,0.115285,0.495068	12
1.707599,0.028618,0.259973	1.696835,0.027260,0.162180	0.000000,0.000000,0.000000	1.685446,0.026390,0.091798	1.651437,0.023790,-0.118363	1.601451,0.020663,-0.283551	1.688998,-0.107134,0.126647	1.601427,-0.236953,0.304177	1.596802,-0.067216,0.497767	1.693787,0.161438,0.125132	1.617924,0.291862,0.307526	1.600827,0.115980,0.494828	12
1.707205,0.028619,0.260046	1.696730,0.027263,0.162173	0.000000,0.000000,0.000000	1.685368,0.026510,0.091785	1.651443,0.024263,-0.118393	1.601353,0.020484,-0.283544	1.688821,-0.109628,0.126564	1.599951,-0.238340,0.304250	1.596954,-0.068098,0.496187	1.693720,0.163932,0.124997	1.617389,0.292092,0.308786	1.600496,0.116363,0.494974	12
1.706804,0.028620,0.260121	1.696600,0.027266,0.162185	0.000000,0.000000,0.000000	1.685210,0.026669,0.091800	1.651197,0.024885,-0.118368	1.601299,0.020236,-0.283561	1.688654,-0.112339,0.126477	1.598633,-0.239350,0.304800	1.596933,-0.068432,0.495365	1.693650,0.166635,0.124832	1.616811,0.292262,0.310149	1.600035,0.116732,0.495728	12
1.705682,0.028620,0.260257	1.696395,0.027269,0.162206	0.000000,0.000000,0.000000	1.684939,0.026843,0.091831	1.650731,0.025572,-0.118309	1.601805,0.020019,-0.281915	1.688505,-0.114991,0.126537	1.597704,-0.239766,0.306032	1.596702,-0.068367,0.495655	1.693580,0.169254,0.124727	1.616228,0.292393,0.311501	1.599344,0.117801,0.497423	12
1.704013,0.028617,0.260479	1.696100,0.027272,0.162230	0.000000,0.000000,0.000000	1.684566,0.026971,0.091866	1.650124,0.026073,-0.118238	1.602406,0.019887,-0.280077	1.688382,-0.117470,0.126807	1.597081,-0.239792,0.307729	1.596412,-0.068168,0.496552	1.693523,0.171665,0.124692	1.615616,0.292417,0.312796	1.598486,0.119042,0.499220	12
1.701675,0.028613,0.260801	1.695735,0.027275,0.162254	0.000000,0.000000,0.000000	1.684141,0.027045,0.091900	1.649523,0.026360,-0.118177	1.602853,0.019823,-0.278660	1.688290,-0.119726,0.127209	1.596994,-0.239217,0.310012	1.596318,-0.067275,0.498318	1.693481,0.173846,0.124773	1.614984,0.292324,0.314081	1.597450,0.119861,0.501083	12
1.698807,0.028608,0.261189	1.695073,0.027278,0.162277	0.000000,0.000000,0.000000	1.683557,0.027082,0.091910	1.649170,0.026498,-0.118204	1.603055,0.019798,-0.277695	1.688259,-0.121767,0.127684	1.597503,-0.237917,0.312887	1.596208,-0.066693,0.502258	1.693455,0.175821,0.124999	1.614297,0.292134,0.315375	1.596068,0.120508,0.503505	12
1.696286,0.028603,0.261622	1.694167,0.027281,0.162299	0.000000,0.000000,0.000000	1.682854,0.027098,0.091900	1.649076,0.026554,-0.118313	1.603074,0.019802,-0.277025	1.688293,-0.123594,0.128147	1.598511,-0.236123,0.316039	1.595797,-0.066864,0.507741	1.693457,0.177596,0.125300	1.613398,0.292210,0.316333	1.594467,0.120507,0.504942	12
1.694278,0.028599,0.262102	1.693158,0.027284,0.162321	0.000000,0.000000,0.000000	1.682115,0.027105,0.091879	1.649141,0.026568,-0.118461	1.602972,0.019818,-0.276491	1.688375,-0.125140,0.128199	1.598978,-0.235175,0.317770	1.595651,-0.067582,0.511565	1.693484,0.179177,0.125595	1.612356,0.292338,0.317044	1.592789,0.120200,0.505851	12
1.693305,0.028595,0.262638	1.692110,0.027289,0.162344	0.000000,0.000000,0.000000	1.681367,0.027107,0.091856	1.649286,0.026566,-0.118622	1.602793,0.019837,-0.275985	1.688490,-0.126473,0.128052	1.599134,-0.234796,0.318642	1.595657,-0.068918,0.514540	1.693512,0.180620,0.126024	1.611164,0.292534,0.317683	1.591018,0.119777,0.506516	12
1.692995,0.028592,0.263225	1.691074,0.027294,0.162367	0.000000,0.000000,0.000000	1.680634,0.027109,0.091833	1.649460,0.026558,-0.118781	1.602590,0.019856,-0.275467	1.688627,-0.127640,0.127828	1.599133,-0.234729,0.319055	1.595745,-0.071154,0.517417	1.693550,0.181920,0.126480	1.609876,0.292636,0.318258	1.589315,0.119350,0.507124	12
1.693017,0.028588,0.263865	1.690056,0.027298,0.162391	0.000000,0.000000,0.000000	1.679917,0.027111,0.091813	1.649644,0.026551,-0.118933	1.602447,0.019885,-0.274976	1.688781,-0.128675,0.127601	1.599092,-0.234809,0.319265	1.595863,-0.074194,0.520436	1.693557,0.183107,0.127021	1.608627,0.292796,0.318836	1.588157,0.118874,0.507558	12
1.693157,0.028585,0.264568	1.689065,0.027304,0.162416	0.000000,0.000000,0.000000	1.679220,0.027114,0.091796	1.649825,0.026546,-0.119075	1.602352,0.019917,-0.274524	1.688945,-0.129597,0.127397	1.599060,-0.234979,0.319378	1.595928,-0.075005,0.521237	1.693554,0.184187,0.127608	1.607346,0.292823,0.319452	1.587086,0.118419,0.507916	12
1.693268,0.028583,0.265327	1.688056,0.027307,0.162439	0.000000,0.000000,0.000000	1.678511,0.027115,0.091778	1.650007,0.026542,-0.119215	1.602157,0.019942,-0.274006	1.689059,-0.130421,0.127221	1.599048,-0.235093,0.319526	1.595919,-0.074200,0.520547	1.693529,0.185173,0.128263	1.606065,0.292598,0.320218	1.586102,0.117938,0.508365	12
1.693346,0.028581,0.266302	1.687048,0.027310,0.162651	0.000000,0.000000,0.000000	1.677808,0.027117,0.091949	1.650216,0.026541,-0.119166	1.601989,0.019977,-0.273245	1.689158,-0.131109,0.127050	1.599180,-0.235730,0.319395	1.595805,-0.072457,0.518038	1.693498,0.186029,0.128954	1.604973,0.292243,0.321097	1.584985,0.117628,0.508838	12
1.693439,0.028589,0.268758	1.686088,0.027312,0.164517	0.000000,0.000000,0.000000	1.677198,0.027120,0.093771	1.650651,0.026545,-0.117478	1.602404,0.020103,-0.270908	1.689236,-0.131267,0.126667	1.599635,-0.236665,0.318759	1.595521,-0.071281,0.514885	1.693451,0.186405,0.129477	1.604450,0.291834,0.321833	1.584549,0.117660,0.509214	12
1.693414,0.028602,0.272846	1.685142,0.027315,0.168283	0.000000,0.000000,0.000000	1.676658,0.027124,0.097486	1.651323,0.026556,-0.113913	1.603571,0.020319,-0.266860	1.689236,-0.129035,0.126593	1.600591,-0.238032,0.317078	1.595066,-0.072360,0.512185	1.693262,0.184454,0.130259	1.604818,0.292040,0.321658	1.584258,0.118592,0.508852	12
