joint_position_head	joint_position_neck	joint_position_shoulder	joint_position_spine_top	joint_position_spine_mid	joint_position_spine_bottom	joint_position_left_shoulder	joint_position_left_elbow	joint_position_left_hand	joint_position_right_shoulder	joint_position_right_elbow	joint_position_right_hand	
XYZ order
1.644005,0.012479,0.241198	1.639126,0.011010,0.144705	0.000000,0.000000,0.000000	1.636790,0.013719,0.074652	1.630392,0.021141,-0.117280	1.591473,0.021052,-0.273109	1.634729,-0.119469,0.071758	1.676145,-0.348627,0.070198	1.607676,-0.588571,0.119605	1.646467,0.146237,0.081249	1.711684,0.368977,0.100348	1.715408,0.615957,0.161091	12
1.643975,0.012945,0.241605	1.637216,0.011124,0.144581	0.000000,0.000000,0.000000	1.635401,0.013803,0.074512	1.630432,0.021145,-0.117476	1.591505,0.021049,-0.273311	1.634892,-0.119065,0.071927	1.675399,-0.348382,0.070152	1.607840,-0.588713,0.119691	1.645887,0.145971,0.081524	1.711545,0.368612,0.100254	1.715425,0.615860,0.160520	12
1.643952,0.013333,0.242134	1.635673,0.011391,0.144532	0.000000,0.000000,0.000000	1.634301,0.014002,0.074449	1.630541,0.021156,-0.117608	1.591629,0.021048,-0.273440	1.635083,-0.118551,0.072180	1.674448,-0.348063,0.070083	1.608237,-0.588820,0.119973	1.645447,0.145899,0.081815	1.711469,0.368462,0.100196	1.715341,0.615955,0.159951	12
1.643934,0.013694,0.242740	1.634508,0.012015,0.144521	0.000000,0.000000,0.000000	1.633481,0.014465,0.074426	1.630665,0.021181,-0.117697	1.591782,0.021046,-0.273496	1.635246,-0.117813,0.072568	1.673272,-0.347546,0.069980	1.608817,-0.588781,0.120338	1.645100,0.146214,0.081977	1.711481,0.368685,0.100177	1.715117,0.616390,0.159476	12
1.643921,0.014059,0.243377	1.633621,0.013061,0.144526	0.000000,0.000000,0.000000	1.632852,0.015242,0.074418	1.630743,0.021221,-0.117759	1.591889,0.021044,-0.273490	1.635196,-0.116842,0.073085	1.671783,-0.346799,0.069844	1.609367,-0.588516,0.120838	1.644747,0.147001,0.081943	1.711542,0.369343,0.100203	1.714850,0.617234,0.159072	12
1.643909,0.014340,0.244028	1.632950,0.014296,0.144534	0.000000,0.000000,0.000000	1.632368,0.016159,0.074415	1.630775,0.021267,-0.117798	1.591931,0.021042,-0.273421	1.635008,-0.115826,0.073623	1.670049,-0.346015,0.069706	1.609991,-0.588233,0.121451	1.644420,0.148001,0.081646	1.711689,0.370170,0.100268	1.714560,0.618253,0.158610	12
1.643921,0.014680,0.244652	1.632580,0.015630,0.144541	0.000000,0.000000,0.000000	1.632100,0.017150,0.074413	1.630783,0.021315,-0.117818	1.591934,0.021042,-0.273304	1.634914,-0.114830,0.074132	1.668250,-0.345260,0.069568	1.610314,-0.587877,0.122115	1.644143,0.149176,0.081187	1.711899,0.371150,0.100345	1.714197,0.619440,0.158043	12
1.643952,0.014922,0.245208	1.632414,0.016906,0.144546	0.000000,0.000000,0.000000	1.631977,0.018097,0.074412	1.630780,0.021361,-0.117820	1.591916,0.021043,-0.273147	1.634852,-0.113964,0.074561	1.666405,-0.344635,0.069466	1.610737,-0.587668,0.122741	1.643920,0.150383,0.080657	1.712038,0.372195,0.100409	1.713814,0.620693,0.157398	12
1.643989,0.015100,0.245678	1.632356,0.018133,0.144549	0.000000,0.000000,0.000000	1.631933,0.019008,0.074410	1.630774,0.021404,-0.117814	1.591911,0.021045,-0.272986	1.634809,-0.113208,0.074921	1.664468,-0.344121,0.069383	1.611045,-0.587601,0.123069	1.643861,0.151613,0.080087	1.712145,0.373317,0.100470	1.713361,0.622015,0.156741	12
1.644026,0.015251,0.246058	1.632340,0.019307,0.144550	0.000000,0.000000,0.000000	1.631920,0.019879,0.074408	1.630768,0.021444,-0.117801	1.591918,0.021047,-0.272840	1.634772,-0.112520,0.075232	1.662510,-0.343663,0.069314	1.611164,-0.587576,0.123191	1.643552,0.152844,0.079500	1.712195,0.374378,0.100510	1.712911,0.623273,0.156029	12
1.644060,0.015401,0.246368	1.632332,0.020187,0.144551	0.000000,0.000000,0.000000	1.631912,0.020531,0.074407	1.630761,0.021474,-0.117786	1.591932,0.021049,-0.272714	1.634740,-0.112029,0.075440	1.660912,-0.343350,0.069271	1.610520,-0.587454,0.123299	1.643124,0.153806,0.079035	1.712158,0.375177,0.100492	1.712509,0.624281,0.155160	12
1.644090,0.015547,0.246626	1.632318,0.020704,0.144551	0.000000,0.000000,0.000000	1.631900,0.020915,0.074407	1.630754,0.021492,-0.117771	1.591947,0.021050,-0.272610	1.634712,-0.111782,0.075529	1.660414,-0.343155,0.069256	1.608945,-0.587036,0.123335	1.642647,0.154431,0.078729	1.712023,0.375673,0.100406	1.712033,0.625000,0.154126	12
1.644115,0.015685,0.246839	1.632296,0.020945,0.144551	0.000000,0.000000,0.000000	1.631881,0.021093,0.074406	1.630744,0.021500,-0.117758	1.591961,0.021051,-0.272527	1.634684,-0.111725,0.075545	1.660242,-0.343113,0.069255	1.606951,-0.586625,0.123260	1.642008,0.154801,0.078546	1.711802,0.375909,0.100249	1.711545,0.625463,0.152967	12
1.644136,0.015852,0.247014	1.632267,0.021052,0.144551	0.000000,0.000000,0.000000	1.631857,0.021173,0.074407	1.630733,0.021504,-0.117747	1.591972,0.021051,-0.272461	1.634657,-0.111740,0.075513	1.660194,-0.343130,0.069263	1.604721,-0.586188,0.123144	1.641526,0.155024,0.078437	1.711490,0.376087,0.100056	1.711161,0.625860,0.151778	12
1.644153,0.016030,0.247156	1.632234,0.021105,0.144551	0.000000,0.000000,0.000000	1.631828,0.021212,0.074407	1.630717,0.021506,-0.117739	1.591979,0.021052,-0.272411	1.634629,-0.111772,0.075466	1.660153,-0.343164,0.069275	1.601910,-0.585596,0.123082	1.641049,0.155179,0.078362	1.711168,0.376209,0.099827	1.710370,0.626180,0.150619	12
1.644166,0.016223,0.247270	1.632198,0.021125,0.144551	0.000000,0.000000,0.000000	1.631797,0.021227,0.074407	1.630697,0.021506,-0.117733	1.591983,0.021052,-0.272372	1.634599,-0.111816,0.075413	1.660062,-0.343216,0.069290	1.599364,-0.585078,0.122994	1.640889,0.155277,0.078315	1.710804,0.376390,0.099580	1.709527,0.626480,0.149810	12
1.644177,0.016411,0.247361	1.632163,0.021122,0.144551	0.000000,0.000000,0.000000	1.631763,0.021225,0.074407	1.630669,0.021506,-0.117729	1.591984,0.021052,-0.272343	1.634570,-0.111870,0.075357	1.659936,-0.343282,0.069308	1.597505,-0.584736,0.122923	1.640828,0.155340,0.078286	1.710421,0.376576,0.099321	1.708452,0.626678,0.149499	12
1.644186,0.016690,0.247437	1.632125,0.021115,0.144551	0.000000,0.000000,0.000000	1.631726,0.021220,0.074407	1.630631,0.021506,-0.117727	1.591982,0.021052,-0.272323	1.634535,-0.111915,0.075292	1.659783,-0.343341,0.069329	1.596504,-0.584591,0.122910	1.640805,0.155393,0.078264	1.710070,0.376753,0.099071	1.707332,0.626808,0.149464	12
1.644193,0.017018,0.247499	1.632089,0.021110,0.144551	0.000000,0.000000,0.000000	1.631688,0.021216,0.074407	1.630589,0.021506,-0.117725	1.591979,0.021052,-0.272307	1.634498,-0.111953,0.075229	1.659604,-0.343397,0.069371	1.595940,-0.584556,0.122926	1.640815,0.155441,0.078245	1.709753,0.376922,0.098850	1.706398,0.626753,0.150311	12
1.644199,0.017398,0.247549	1.632053,0.021110,0.144551	0.000000,0.000000,0.000000	1.631649,0.021216,0.074407	1.630544,0.021506,-0.117725	1.591974,0.021052,-0.272296	1.634460,-0.111968,0.075141	1.659397,-0.343434,0.069429	1.595203,-0.584470,0.122910	1.640830,0.155488,0.078227	1.709602,0.377043,0.098597	1.705753,0.626722,0.150775	12
1.644204,0.017800,0.247588	1.632014,0.021111,0.144551	0.000000,0.000000,0.000000	1.631608,0.021217,0.074407	1.630497,0.021506,-0.117726	1.591968,0.021052,-0.272288	1.634414,-0.111976,0.075051	1.659148,-0.343468,0.069504	1.594225,-0.584334,0.122871	1.640844,0.155533,0.078211	1.709746,0.377056,0.098479	1.704786,0.626648,0.150986	12
1.644207,0.018187,0.247617	1.631973,0.021113,0.144551	0.000000,0.000000,0.000000	1.631565,0.021218,0.074407	1.630448,0.021506,-0.117727	1.591961,0.021052,-0.272282	1.634340,-0.111973,0.074951	1.658805,-0.343499,0.069632	1.593594,-0.584323,0.122846	1.640853,0.155574,0.078196	1.710034,0.377013,0.098441	1.704250,0.626550,0.151135	12
1.644210,0.018559,0.247639	1.631931,0.021115,0.144551	0.000000,0.000000,0.000000	1.631521,0.021219,0.074407	1.630398,0.021506,-0.117728	1.591954,0.021052,-0.272278	1.634229,-0.111965,0.074845	1.658436,-0.343523,0.069790	1.592625,-0.584231,0.122792	1.640859,0.155613,0.078182	1.710182,0.377008,0.098425	1.704082,0.626534,0.151151	12
1.644212,0.018977,0.247656	1.631889,0.021120,0.144551	0.000000,0.000000,0.000000	1.631476,0.021223,0.074407	1.630347,0.021506,-0.117729	1.591946,0.021052,-0.272275	1.634104,-0.111939,0.074720	1.658009,-0.343536,0.069968	1.591537,-0.584117,0.122721	1.640862,0.155653,0.078170	1.710204,0.377045,0.098376	1.704132,0.626577,0.151083	12
1.644213,0.019392,0.247668	1.631847,0.021126,0.144551	0.000000,0.000000,0.000000	1.631432,0.021228,0.074407	1.630296,0.021506,-0.117730	1.591938,0.021052,-0.272272	1.633961,-0.111941,0.074654	1.657528,-0.343577,0.070125	1.590255,-0.583983,0.122665	1.640865,0.155690,0.078158	1.710151,0.377113,0.098223	1.704315,0.626641,0.150976	12
1.644214,0.019554,0.247674	1.631808,0.021129,0.144551	0.000000,0.000000,0.000000	1.631390,0.021230,0.074407	1.630244,0.021506,-0.117732	1.591930,0.021052,-0.272270	1.633807,-0.111961,0.074622	1.656990,-0.343639,0.070301	1.588888,-0.583873,0.122560	1.640867,0.155723,0.078147	1.710080,0.377189,0.097977	1.704543,0.626701,0.150840	12
1.644214,0.019541,0.247677	1.631768,0.021129,0.144551	0.000000,0.000000,0.000000	1.631346,0.021230,0.074407	1.630193,0.021506,-0.117733	1.591922,0.021052,-0.272269	1.633643,-0.111990,0.074608	1.656412,-0.343713,0.070483	1.587564,-0.583801,0.122442	1.640869,0.155749,0.078137	1.710083,0.377247,0.097608	1.704789,0.626723,0.150667	12
1.644214,0.019444,0.247677	1.631726,0.021126,0.144551	0.000000,0.000000,0.000000	1.631303,0.021228,0.074407	1.630144,0.021506,-0.117735	1.591914,0.021052,-0.272268	1.633457,-0.112023,0.074600	1.655799,-0.343791,0.070674	1.587129,-0.583987,0.122369	1.640871,0.155771,0.078127	1.710123,0.377293,0.097175	1.705083,0.626729,0.150452	12
1.644214,0.019315,0.247677	1.631684,0.021123,0.144551	0.000000,0.000000,0.000000	1.631258,0.021226,0.074407	1.630091,0.021506,-0.117737	1.591905,0.021052,-0.272268	1.633244,-0.112040,0.074567	1.655188,-0.343850,0.070850	1.587184,-0.584277,0.122347	1.640872,0.155790,0.078119	1.710192,0.377332,0.096693	1.705433,0.626727,0.150186	12
1.644214,0.019173,0.247677	1.631643,0.021121,0.144551	0.000000,0.000000,0.000000	1.631212,0.021224,0.074407	1.630033,0.021506,-0.117739	1.591895,0.021052,-0.272268	1.633020,-0.112048,0.074520	1.654553,-0.343899,0.071014	1.587447,-0.584607,0.122378	1.640874,0.155808,0.078111	1.710279,0.377370,0.096110	1.705768,0.626716,0.149855	12
