joint_position_head	joint_position_neck	joint_position_shoulder	joint_position_spine_top	joint_position_spine_mid	joint_position_spine_bottom	joint_position_left_shoulder	joint_position_left_elbow	joint_position_left_hand	joint_position_right_shoulder	joint_position_right_elbow	joint_position_right_hand	
XYZ order
1.559866,0.031657,0.255776	1.558980,0.028524,0.158132	0.000000,0.000000,0.000000	1.568785,0.026232,0.094546	1.596673,0.019712,-0.086302	1.546562,0.019794,-0.234346	1.551187,-0.100581,0.088079	1.507431,-0.146473,-0.116029	1.313183,-0.069149,-0.238425	1.559038,0.153550,0.080653	1.507573,0.175858,-0.125586	1.311944,0.120097,-0.257163	12
1.559859,0.031631,0.256120	1.558985,0.028686,0.159244	0.000000,0.000000,0.000000	1.568742,0.026404,0.095650	1.596275,0.019963,-0.083794	1.547003,0.019776,-0.232304	1.551228,-0.099740,0.088630	1.507354,-0.146717,-0.115204	1.312670,-0.069090,-0.237953	1.559013,0.152869,0.081034	1.507684,0.175941,-0.125154	1.311839,0.119690,-0.257335	12
1.559855,0.031627,0.256997	1.558989,0.028873,0.160758	0.000000,0.000000,0.000000	1.568683,0.026598,0.097154	1.595875,0.020215,-0.081257	1.547504,0.019759,-0.230167	1.551279,-0.098767,0.089147	1.507264,-0.147000,-0.114362	1.312525,-0.068956,-0.237751	1.558987,0.152123,0.081461	1.507813,0.176028,-0.124670	1.311861,0.119495,-0.257496	12
1.559854,0.031639,0.258289	1.558992,0.029077,0.162556	0.000000,0.000000,0.000000	1.568613,0.026806,0.098941	1.595480,0.020464,-0.078714	1.548062,0.019752,-0.227987	1.551329,-0.097751,0.089658	1.507228,-0.147216,-0.113537	1.312526,-0.068872,-0.237577	1.558961,0.151372,0.081924	1.507953,0.176115,-0.124150	1.311977,0.119431,-0.257606	12
1.559854,0.031656,0.259250	1.558994,0.029307,0.163909	0.000000,0.000000,0.000000	1.568559,0.027029,0.100286	1.595182,0.020688,-0.076798	1.548479,0.019752,-0.226329	1.551364,-0.096985,0.090023	1.507347,-0.147205,-0.113007	1.312478,-0.068839,-0.237393	1.558934,0.150927,0.082206	1.508032,0.176194,-0.123831	1.311989,0.119388,-0.257718	12
1.559853,0.031672,0.259785	1.558995,0.029543,0.164747	0.000000,0.000000,0.000000	1.568525,0.027249,0.101119	1.594981,0.020883,-0.075523	1.548737,0.019758,-0.225218	1.551381,-0.096492,0.090236	1.507537,-0.147065,-0.112745	1.312476,-0.068867,-0.237432	1.558905,0.150776,0.082303	1.508052,0.176263,-0.123720	1.311882,0.119332,-0.257832	12
1.559850,0.031687,0.260086	1.558995,0.029792,0.165283	0.000000,0.000000,0.000000	1.568502,0.027453,0.101653	1.594841,0.020974,-0.074639	1.548899,0.019763,-0.224443	1.551389,-0.096163,0.090370	1.507649,-0.146988,-0.112571	1.312400,-0.068908,-0.237439	1.558877,0.150810,0.082282	1.508031,0.176333,-0.123738	1.311707,0.119262,-0.257941	12
1.559849,0.031696,0.260572	1.558995,0.029974,0.165952	0.000000,0.000000,0.000000	1.568475,0.027600,0.102320	1.594696,0.021033,-0.073700	1.549090,0.019770,-0.223617	1.551391,-0.095916,0.090606	1.507696,-0.146974,-0.112285	1.312333,-0.069002,-0.237389	1.558851,0.150763,0.082327	1.508017,0.176406,-0.123681	1.311591,0.119216,-0.258005	12
1.559858,0.031716,0.262224	1.558995,0.030110,0.166742	0.000000,0.000000,0.000000	1.568449,0.027710,0.103106	1.594563,0.021079,-0.072675	1.549294,0.019779,-0.222708	1.551392,-0.095703,0.090892	1.507706,-0.146998,-0.111942	1.312272,-0.069109,-0.237296	1.558825,0.150653,0.082424	1.508039,0.176441,-0.123578	1.311520,0.119178,-0.258023	12
1.559870,0.031744,0.264275	1.558995,0.030251,0.167582	0.000000,0.000000,0.000000	1.568436,0.027819,0.103945	1.594471,0.021113,-0.071549	1.549472,0.019786,-0.221706	1.551393,-0.095499,0.091200	1.507666,-0.147079,-0.111552	1.312713,-0.068729,-0.237683	1.558816,0.150620,0.082633	1.507938,0.176397,-0.123347	1.311390,0.119136,-0.258052	12
1.559883,0.031770,0.267141	1.558994,0.030354,0.169411	0.000000,0.000000,0.000000	1.568425,0.027915,0.105774	1.594383,0.021202,-0.069402	1.549662,0.019796,-0.219704	1.551278,-0.096067,0.093909	1.508058,-0.146556,-0.109223	1.314863,-0.068273,-0.238413	1.558598,0.151449,0.085279	1.508342,0.175962,-0.121005	1.312610,0.119557,-0.257592	12
1.559860,0.031777,0.270090	1.558992,0.030418,0.171693	0.000000,0.000000,0.000000	1.568416,0.027983,0.108054	1.594297,0.021294,-0.066718	1.549981,0.019792,-0.217255	1.551080,-0.095850,0.095767	1.508219,-0.146445,-0.107415	1.315847,-0.068107,-0.238231	1.558141,0.151795,0.087801	1.508677,0.175667,-0.118750	1.313781,0.119847,-0.257158	12
1.559794,0.031768,0.272556	1.558989,0.030453,0.173823	0.000000,0.000000,0.000000	1.568434,0.028015,0.110188	1.594594,0.021265,-0.066056	1.549667,0.019749,-0.216621	1.550804,-0.095366,0.096959	1.508226,-0.146582,-0.106127	1.315820,-0.068496,-0.237513	1.557542,0.151655,0.089480	1.508773,0.175570,-0.117233	1.314415,0.119859,-0.256876	12
1.559701,0.031761,0.274105	1.558985,0.030473,0.175227	0.000000,0.000000,0.000000	1.568492,0.028023,0.111601	1.595146,0.021155,-0.066782	1.548788,0.019682,-0.217162	1.550508,-0.094985,0.097549	1.508094,-0.146872,-0.105402	1.315304,-0.068902,-0.236847	1.556870,0.151553,0.090489	1.508654,0.175620,-0.116336	1.314531,0.119776,-0.256773	12
1.559478,0.031759,0.274915	1.558981,0.030486,0.175964	0.000000,0.000000,0.000000	1.568464,0.028026,0.112336	1.595376,0.021041,-0.068253	1.547622,0.019628,-0.218420	1.550300,-0.094804,0.097741	1.507835,-0.147269,-0.105051	1.314223,-0.069363,-0.235982	1.555801,0.151475,0.090858	1.508313,0.175799,-0.116105	1.314169,0.119585,-0.256986	12
1.559153,0.031756,0.275304	1.558977,0.030498,0.176286	0.000000,0.000000,0.000000	1.568381,0.028030,0.112645	1.595356,0.020949,-0.069909	1.546489,0.019586,-0.219884	1.550121,-0.094774,0.097738	1.507730,-0.147457,-0.105014	1.313077,-0.069683,-0.235298	1.554544,0.151424,0.090859	1.507986,0.176107,-0.116272	1.313447,0.119345,-0.257151	12
1.558792,0.031752,0.275509	1.558972,0.030510,0.176389	0.000000,0.000000,0.000000	1.568271,0.028038,0.112734	1.595175,0.020886,-0.071452	1.545534,0.019553,-0.221279	1.549962,-0.094842,0.097664	1.507699,-0.147529,-0.105113	1.311901,-0.069960,-0.234690	1.553317,0.151410,0.090704	1.507680,0.176547,-0.116578	1.312477,0.119029,-0.257049	12
1.558524,0.031750,0.275633	1.558967,0.030522,0.176397	0.000000,0.000000,0.000000	1.568161,0.028051,0.112726	1.594941,0.020853,-0.072762	1.544868,0.019525,-0.222481	1.549814,-0.094950,0.097559	1.507710,-0.147532,-0.105279	1.310686,-0.070322,-0.234120	1.552156,0.151409,0.090478	1.507409,0.177015,-0.116941	1.311453,0.118625,-0.256840	12
1.558359,0.031749,0.275724	1.558963,0.030535,0.176372	0.000000,0.000000,0.000000	1.568086,0.028064,0.112691	1.594803,0.020829,-0.073807	1.544439,0.019498,-0.223448	1.549685,-0.095075,0.097454	1.507748,-0.147498,-0.105460	1.309873,-0.070474,-0.234022	1.551704,0.151434,0.090214	1.507272,0.177365,-0.117234	1.310825,0.118380,-0.257037	12
1.558256,0.031748,0.275802	1.558959,0.030532,0.176344	0.000000,0.000000,0.000000	1.568044,0.028064,0.112657	1.594761,0.020808,-0.074619	1.544156,0.019474,-0.224198	1.549576,-0.095216,0.097350	1.507790,-0.147453,-0.105643	1.309378,-0.070440,-0.234315	1.551516,0.151461,0.089961	1.507219,0.177632,-0.117485	1.310320,0.118235,-0.257333	12
1.558214,0.031747,0.275872	1.558955,0.030520,0.176323	0.000000,0.000000,0.000000	1.568026,0.028057,0.112634	1.594788,0.020792,-0.075242	1.543964,0.019459,-0.224775	1.549449,-0.095359,0.097252	1.507864,-0.147417,-0.105828	1.309476,-0.070010,-0.235191	1.551450,0.151490,0.089728	1.507207,0.177734,-0.117721	1.309656,0.118131,-0.257382	12
1.558193,0.031747,0.275933	1.558951,0.030515,0.176309	0.000000,0.000000,0.000000	1.568022,0.028055,0.112620	1.594848,0.020779,-0.075723	1.543828,0.019449,-0.225225	1.549322,-0.095485,0.097169	1.507960,-0.147512,-0.105965	1.309955,-0.069329,-0.236419	1.551478,0.151586,0.089602	1.507112,0.177820,-0.117821	1.308871,0.118019,-0.257332	12
1.558178,0.031747,0.275985	1.558947,0.030515,0.176302	0.000000,0.000000,0.000000	1.568022,0.028056,0.112613	1.594911,0.020770,-0.076097	1.543726,0.019444,-0.225585	1.549132,-0.095586,0.097102	1.508042,-0.147533,-0.106107	1.310776,-0.068297,-0.238246	1.551553,0.151710,0.089540	1.506977,0.177897,-0.117844	1.307808,0.117966,-0.257115	12
1.558161,0.031747,0.276029	1.558943,0.030518,0.176298	0.000000,0.000000,0.000000	1.568023,0.028060,0.112611	1.594969,0.020764,-0.076390	1.543646,0.019441,-0.225878	1.548902,-0.095669,0.097049	1.508186,-0.147515,-0.106261	1.312095,-0.066952,-0.240639	1.551635,0.151818,0.089480	1.506905,0.177929,-0.117880	1.306617,0.117867,-0.256742	12
1.558139,0.031748,0.276065	1.558939,0.030523,0.176297	0.000000,0.000000,0.000000	1.568024,0.028065,0.112610	1.595018,0.020761,-0.076622	1.543581,0.019439,-0.226120	1.548664,-0.095739,0.097004	1.508508,-0.147485,-0.106442	1.313312,-0.065534,-0.242659	1.551723,0.151915,0.089426	1.506869,0.177938,-0.117919	1.305330,0.117753,-0.256251	12
1.558117,0.031748,0.276094	1.558936,0.030526,0.176297	0.000000,0.000000,0.000000	1.568026,0.028068,0.112610	1.595059,0.020758,-0.076807	1.543528,0.019438,-0.226323	1.548552,-0.095806,0.096962	1.508850,-0.147449,-0.106600	1.311158,-0.066383,-0.241150	1.551816,0.152000,0.089378	1.506839,0.177928,-0.117952	1.304114,0.117643,-0.255931	12
1.558099,0.031748,0.276118	1.558934,0.030528,0.176297	0.000000,0.000000,0.000000	1.568026,0.028070,0.112611	1.595090,0.020754,-0.076955	1.543485,0.019437,-0.226496	1.548489,-0.095869,0.096923	1.508966,-0.147373,-0.106709	1.309421,-0.066905,-0.240274	1.551897,0.152074,0.089335	1.506816,0.177915,-0.117983	1.303215,0.117374,-0.255910	12
1.557893,0.031748,0.276136	1.558932,0.030529,0.176297	0.000000,0.000000,0.000000	1.568026,0.028071,0.112611	1.595113,0.020751,-0.077073	1.543453,0.019436,-0.226647	1.548451,-0.095927,0.096887	1.508963,-0.147272,-0.106792	1.307845,-0.067548,-0.239362	1.551921,0.152135,0.089295	1.506804,0.177905,-0.118024	1.303088,0.116835,-0.256425	12
1.557583,0.031748,0.276148	1.558930,0.030529,0.176297	0.000000,0.000000,0.000000	1.568026,0.028071,0.112612	1.595131,0.020748,-0.077168	1.543427,0.019436,-0.226781	1.548427,-0.095979,0.096854	1.508952,-0.147141,-0.106874	1.306131,-0.068666,-0.237916	1.551940,0.152189,0.089257	1.506789,0.177899,-0.118062	1.303473,0.116244,-0.257102	12
