joint_position_head	joint_position_neck	joint_position_shoulder	joint_position_spine_top	joint_position_spine_mid	joint_position_spine_bottom	joint_position_left_shoulder	joint_position_left_elbow	joint_position_left_hand	joint_position_right_shoulder	joint_position_right_elbow	joint_position_right_hand	
XYZ order
1.473121,0.060593,0.299931	1.475002,0.052743,0.192279	0.000000,0.000000,0.000000	1.494161,0.049435,0.120868	1.550151,0.039766,-0.087820	1.497937,0.032695,-0.259100	1.486068,-0.085263,0.113575	1.486715,-0.127431,-0.128483	1.254163,-0.050117,-0.239809	1.492772,0.186662,0.107943	1.489575,0.216645,-0.135905	1.256542,0.133166,-0.241491	12
1.474300,0.060192,0.299958	1.475007,0.052743,0.192279	0.000000,0.000000,0.000000	1.494164,0.049445,0.120876	1.550403,0.039762,-0.088736	1.497685,0.032672,-0.259842	1.486612,-0.085255,0.113748	1.486651,-0.127315,-0.128301	1.254160,-0.050272,-0.239866	1.493028,0.186480,0.107809	1.489543,0.216696,-0.135978	1.257154,0.131370,-0.241512	12
1.475785,0.059865,0.299965	1.475011,0.052743,0.192278	0.000000,0.000000,0.000000	1.494166,0.049463,0.120883	1.550597,0.039799,-0.089445	1.497538,0.032652,-0.260422	1.487222,-0.085178,0.113827	1.486613,-0.127214,-0.128196	1.254179,-0.050320,-0.239908	1.493281,0.186345,0.107761	1.489519,0.216731,-0.135971	1.257059,0.131122,-0.241087	12
1.477363,0.059662,0.299943	1.475016,0.052744,0.192278	0.000000,0.000000,0.000000	1.494169,0.049484,0.120891	1.550748,0.039855,-0.089995	1.497425,0.032635,-0.260866	1.487913,-0.085063,0.113850	1.486591,-0.127022,-0.128154	1.254160,-0.050254,-0.239884	1.493532,0.186243,0.107760	1.489503,0.216776,-0.135920	1.256592,0.131443,-0.240186	12
1.478995,0.059554,0.299891	1.475022,0.052744,0.192278	0.000000,0.000000,0.000000	1.494172,0.049508,0.120898	1.550866,0.039928,-0.090423	1.497350,0.032621,-0.261209	1.488651,-0.084931,0.113838	1.486594,-0.126975,-0.128116	1.254212,-0.050223,-0.239879	1.493773,0.186164,0.107776	1.489475,0.216783,-0.135860	1.255864,0.132128,-0.239022	12
1.480573,0.059503,0.299815	1.475027,0.052745,0.192278	0.000000,0.000000,0.000000	1.494175,0.049526,0.120906	1.550960,0.039979,-0.090756	1.497307,0.032608,-0.261473	1.489348,-0.084804,0.113815	1.486651,-0.126969,-0.128083	1.254319,-0.050220,-0.239874	1.494021,0.186095,0.107789	1.489440,0.216794,-0.135802	1.254457,0.133823,-0.237086	12
1.482062,0.059482,0.299719	1.475033,0.052747,0.192278	0.000000,0.000000,0.000000	1.494179,0.049541,0.120914	1.551035,0.040020,-0.091013	1.497284,0.032598,-0.261675	1.490028,-0.084666,0.113759	1.486600,-0.126988,-0.128072	1.254358,-0.050179,-0.239929	1.494238,0.186038,0.107797	1.489405,0.216803,-0.135750	1.253215,0.135423,-0.235422	12
1.483111,0.059476,0.299636	1.475039,0.052748,0.192277	0.000000,0.000000,0.000000	1.494183,0.049554,0.120922	1.551095,0.040057,-0.091212	1.497285,0.032591,-0.261830	1.490394,-0.084562,0.113687	1.486579,-0.127012,-0.128085	1.254371,-0.050181,-0.239917	1.494493,0.185983,0.107802	1.489359,0.216818,-0.135699	1.252838,0.136005,-0.234982	12
1.483701,0.059476,0.299578	1.475045,0.052749,0.192277	0.000000,0.000000,0.000000	1.494187,0.049563,0.120930	1.551144,0.040081,-0.091363	1.497308,0.032585,-0.261949	1.490794,-0.084512,0.113705	1.486528,-0.127020,-0.128017	1.254399,-0.050162,-0.239915	1.494812,0.185928,0.107809	1.489298,0.216836,-0.135643	1.252927,0.136041,-0.235214	12
1.483968,0.059477,0.299542	1.475050,0.052751,0.192277	0.000000,0.000000,0.000000	1.494191,0.049588,0.120939	1.551183,0.040172,-0.091480	1.497342,0.032568,-0.262035	1.490928,-0.084522,0.113762	1.486531,-0.127009,-0.127931	1.254635,-0.050013,-0.240132	1.495119,0.185880,0.107815	1.489233,0.216854,-0.135589	1.253251,0.135832,-0.235800	12
1.484059,0.059478,0.299520	1.475056,0.052752,0.192277	0.000000,0.000000,0.000000	1.494195,0.049624,0.120946	1.551216,0.040304,-0.091567	1.497394,0.032545,-0.262098	1.490929,-0.084562,0.113846	1.486569,-0.127018,-0.127820	1.255027,-0.049771,-0.240497	1.495264,0.185878,0.107853	1.489185,0.216865,-0.135513	1.253394,0.135931,-0.236150	12
1.484072,0.059480,0.299503	1.475061,0.052753,0.192277	0.000000,0.000000,0.000000	1.494200,0.049666,0.120954	1.551243,0.040465,-0.091631	1.497481,0.032517,-0.262148	1.490858,-0.084616,0.113940	1.486642,-0.127037,-0.127703	1.255552,-0.049416,-0.240964	1.495338,0.185874,0.107871	1.489137,0.216887,-0.135456	1.253398,0.136199,-0.236318	12
1.484056,0.059481,0.299489	1.475067,0.052755,0.192277	0.000000,0.000000,0.000000	1.494204,0.049714,0.120962	1.551266,0.040648,-0.091676	1.497601,0.032486,-0.262188	1.490749,-0.084674,0.114033	1.486774,-0.127064,-0.127586	1.255827,-0.049427,-0.241044	1.495347,0.185874,0.107880	1.489084,0.216908,-0.135410	1.253665,0.135857,-0.236632	12
1.484035,0.059481,0.299476	1.475072,0.052756,0.192277	0.000000,0.000000,0.000000	1.494209,0.049768,0.120970	1.551287,0.040858,-0.091706	1.497741,0.032452,-0.262219	1.490641,-0.084729,0.114120	1.486844,-0.127098,-0.127472	1.255809,-0.049720,-0.240844	1.495331,0.185875,0.107886	1.489036,0.216946,-0.135366	1.254454,0.134796,-0.237535	12
1.484018,0.059482,0.299463	1.475078,0.052757,0.192276	0.000000,0.000000,0.000000	1.494215,0.049824,0.120978	1.551303,0.041076,-0.091723	1.497843,0.032418,-0.262225	1.490590,-0.084766,0.114190	1.486860,-0.127138,-0.127368	1.255727,-0.050058,-0.240656	1.495257,0.185880,0.107884	1.488962,0.217036,-0.135322	1.253858,0.135620,-0.236776	12
1.484008,0.059482,0.299449	1.475085,0.052759,0.192276	0.000000,0.000000,0.000000	1.494221,0.049878,0.120986	1.551319,0.041282,-0.091729	1.497909,0.032387,-0.262209	1.490574,-0.084767,0.114204	1.486861,-0.127198,-0.127310	1.255824,-0.050183,-0.240750	1.495163,0.185886,0.107881	1.488957,0.217170,-0.135278	1.254404,0.135435,-0.237650	12
1.484002,0.059483,0.299434	1.475091,0.052761,0.192276	0.000000,0.000000,0.000000	1.494227,0.049931,0.120994	1.551332,0.041487,-0.091727	1.497949,0.032358,-0.262177	1.490569,-0.084745,0.114182	1.486854,-0.127313,-0.127273	1.255931,-0.050385,-0.240914	1.495033,0.185894,0.107875	1.488993,0.217361,-0.135230	1.254956,0.135451,-0.238542	12
1.483399,0.059449,0.299491	1.475097,0.052762,0.192299	0.000000,0.000000,0.000000	1.494534,0.049938,0.121110	1.552548,0.041512,-0.091359	1.497495,0.032250,-0.261234	1.490499,-0.085348,0.115341	1.486884,-0.126994,-0.126239	1.256194,-0.050991,-0.240876	1.494988,0.186056,0.108201	1.489019,0.217540,-0.134868	1.255240,0.135573,-0.238624	12
1.481141,0.059391,0.301576	1.475100,0.052762,0.194259	0.000000,0.000000,0.000000	1.494919,0.049921,0.123187	1.554076,0.041439,-0.088952	1.496962,0.032147,-0.258110	1.490168,-0.086301,0.119174	1.487002,-0.126127,-0.122679	1.257196,-0.052063,-0.240198	1.495010,0.186402,0.110889	1.489091,0.217364,-0.132212	1.255848,0.136168,-0.237657	12
1.477729,0.059368,0.305792	1.475101,0.052763,0.198369	0.000000,0.000000,0.000000	1.495144,0.049901,0.127372	1.554971,0.041359,-0.084562	1.497105,0.032070,-0.253446	1.489631,-0.086292,0.123317	1.487148,-0.125387,-0.118630	1.258324,-0.053345,-0.239185	1.494943,0.186285,0.114946	1.489190,0.217101,-0.128141	1.256412,0.137047,-0.235368	12
1.472877,0.059340,0.311533	1.475101,0.052763,0.204143	0.000000,0.000000,0.000000	1.495225,0.049888,0.133181	1.555299,0.041305,-0.078661	1.497864,0.032044,-0.247671	1.489018,-0.085943,0.128300	1.487289,-0.124574,-0.113693	1.259898,-0.054675,-0.238064	1.494731,0.185322,0.119136	1.489290,0.216935,-0.123818	1.256444,0.137881,-0.231548	12
1.468634,0.059399,0.317190	1.475101,0.052763,0.209970	0.000000,0.000000,0.000000	1.495260,0.049873,0.139030	1.555441,0.041245,-0.072755	1.498912,0.032036,-0.242046	1.488363,-0.085160,0.132291	1.487401,-0.124034,-0.109629	1.261251,-0.056068,-0.237231	1.494489,0.184164,0.122854	1.489363,0.216879,-0.119921	1.256007,0.138609,-0.227013	12
1.465676,0.059498,0.321182	1.475101,0.052763,0.214166	0.000000,0.000000,0.000000	1.495258,0.049870,0.143238	1.555439,0.041236,-0.068519	1.500076,0.032084,-0.238166	1.487927,-0.083592,0.133115	1.487466,-0.124102,-0.108493	1.261547,-0.057305,-0.237067	1.494292,0.182988,0.124695	1.489398,0.217112,-0.117851	1.256403,0.139519,-0.226109	12
1.464023,0.059225,0.322761	1.475100,0.052763,0.215879	0.000000,0.000000,0.000000	1.495298,0.049842,0.144976	1.555601,0.041120,-0.066712	1.501243,0.032057,-0.236657	1.487718,-0.082821,0.132760	1.487495,-0.124274,-0.108650	1.261486,-0.058266,-0.237396	1.494306,0.182375,0.124852	1.489396,0.217453,-0.117519	1.256353,0.140502,-0.226031	12
1.463900,0.058344,0.322652	1.475100,0.052758,0.215749	0.000000,0.000000,0.000000	1.495351,0.049729,0.144878	1.555813,0.040686,-0.066720	1.502484,0.031746,-0.236965	1.487584,-0.082270,0.130821	1.487514,-0.124695,-0.110382	1.261171,-0.057990,-0.238072	1.494356,0.181480,0.122684	1.489357,0.217941,-0.119441	1.255560,0.141390,-0.226484	12
1.466903,0.057421,0.319984	1.475251,0.052484,0.212849	0.000000,0.000000,0.000000	1.495528,0.049404,0.142000	1.556069,0.040208,-0.069536	1.503500,0.031404,-0.239994	1.487853,-0.082994,0.127788	1.487464,-0.125123,-0.113427	1.260181,-0.057576,-0.238867	1.494730,0.181288,0.119155	1.489262,0.218454,-0.122814	1.254322,0.142180,-0.227395	12
1.470770,0.056515,0.311690	1.475553,0.051848,0.204358	0.000000,0.000000,0.000000	1.496060,0.048736,0.133591	1.557291,0.039445,-0.077704	1.503168,0.030912,-0.247658	1.488082,-0.084292,0.119804	1.487393,-0.126152,-0.121416	1.257330,-0.056730,-0.240350	1.495252,0.182101,0.112263	1.489071,0.219293,-0.129645	1.252493,0.141471,-0.229063	12
1.474041,0.055620,0.301187	1.475975,0.051078,0.193763	0.000000,0.000000,0.000000	1.496850,0.047951,0.123120	1.559180,0.038614,-0.087811	1.501681,0.030311,-0.256617	1.488481,-0.087016,0.112364	1.487291,-0.126118,-0.129261	1.254394,-0.056038,-0.242035	1.496416,0.183347,0.104670	1.488741,0.220030,-0.137230	1.250851,0.140154,-0.231644	12
1.476517,0.054975,0.291211	1.476464,0.050297,0.183779	0.000000,0.000000,0.000000	1.497689,0.047201,0.113251	1.561067,0.037956,-0.097334	1.499904,0.029879,-0.264819	1.488830,-0.089427,0.105452	1.487229,-0.125348,-0.136616	1.251743,-0.055734,-0.244152	1.497212,0.184709,0.098278	1.488562,0.220325,-0.143702	1.249855,0.139508,-0.235172	12
1.478506,0.054598,0.284128	1.476972,0.049529,0.176738	0.000000,0.000000,0.000000	1.498375,0.046514,0.106272	1.562280,0.037512,-0.104131	1.498744,0.029582,-0.270716	1.489128,-0.091263,0.100912	1.487133,-0.124801,-0.141458	1.250364,-0.055669,-0.246458	1.497667,0.185279,0.093899	1.488543,0.220359,-0.148098	1.249677,0.139277,-0.238835	12
