joint_position_head	joint_position_neck	joint_position_shoulder	joint_position_spine_top	joint_position_spine_mid	joint_position_spine_bottom	joint_position_left_shoulder	joint_position_left_elbow	joint_position_left_hand	joint_position_right_shoulder	joint_position_right_elbow	joint_position_right_hand	
XYZ order
1.869292,0.035317,0.164548	1.815452,0.031506,0.071246	0.000000,0.000000,0.000000	1.779366,0.029202,0.006801	1.671624,0.022378,-0.185621	1.569100,0.015691,-0.332134	1.823485,-0.117141,0.009533	1.886762,-0.336212,0.001758	1.900050,-0.604083,0.098165	1.833300,0.177054,0.004415	1.882947,0.396368,0.043056	1.869661,0.667702,0.129262	12
1.869335,0.035316,0.164550	1.815497,0.031506,0.071246	0.000000,0.000000,0.000000	1.779404,0.029222,0.006805	1.671637,0.022454,-0.185606	1.569096,0.015846,-0.332111	1.823488,-0.117188,0.009515	1.886807,-0.335830,0.001722	1.900208,-0.604152,0.097551	1.833313,0.177123,0.004442	1.883039,0.396041,0.042866	1.869712,0.667790,0.128542	12
1.869391,0.035315,0.164545	1.815544,0.031506,0.071246	0.000000,0.000000,0.000000	1.779442,0.029254,0.006809	1.671650,0.022614,-0.185592	1.569101,0.015966,-0.332090	1.823493,-0.117233,0.009502	1.886875,-0.335463,0.001629	1.900352,-0.604131,0.096820	1.833322,0.177161,0.004407	1.882991,0.395729,0.042676	1.869870,0.667602,0.128368	12
1.869454,0.035315,0.164536	1.815592,0.031506,0.071246	0.000000,0.000000,0.000000	1.779481,0.029300,0.006812	1.671662,0.022842,-0.185579	1.569109,0.016081,-0.332070	1.823495,-0.117276,0.009492	1.886959,-0.335098,0.001444	1.900497,-0.604104,0.096072	1.833325,0.177165,0.004303	1.882869,0.395405,0.042448	1.870067,0.667384,0.128288	12
1.869519,0.035314,0.164526	1.815639,0.031506,0.071246	0.000000,0.000000,0.000000	1.779520,0.029354,0.006815	1.671674,0.023070,-0.185567	1.569119,0.016197,-0.332052	1.823497,-0.117319,0.009485	1.887043,-0.334735,0.001217	1.900645,-0.604113,0.095356	1.833327,0.177154,0.004173	1.882717,0.395092,0.042122	1.870175,0.667196,0.128233	12
1.869584,0.035313,0.164516	1.815687,0.031506,0.071246	0.000000,0.000000,0.000000	1.779559,0.029393,0.006819	1.671687,0.023162,-0.185551	1.569131,0.016269,-0.332033	1.823498,-0.117359,0.009479	1.887126,-0.334370,0.000963	1.900789,-0.604069,0.094687	1.833327,0.177133,0.004023	1.882556,0.394784,0.041697	1.870210,0.666923,0.128279	12
1.869649,0.035313,0.164506	1.815735,0.031506,0.071246	0.000000,0.000000,0.000000	1.779598,0.029417,0.006823	1.671701,0.023208,-0.185533	1.569142,0.016306,-0.332013	1.823500,-0.117398,0.009473	1.887207,-0.334011,0.000703	1.900933,-0.603961,0.094050	1.833326,0.177111,0.003878	1.882393,0.394495,0.041208	1.870205,0.666586,0.128343	12
1.869712,0.035313,0.164497	1.815782,0.031506,0.071246	0.000000,0.000000,0.000000	1.779637,0.029429,0.006827	1.671715,0.023229,-0.185515	1.569154,0.016321,-0.331993	1.823501,-0.117436,0.009467	1.887227,-0.333726,0.000472	1.901096,-0.603719,0.093950	1.833324,0.177088,0.003732	1.882239,0.394258,0.040714	1.870216,0.666290,0.128354	12
1.869779,0.035312,0.164487	1.815831,0.031506,0.071246	0.000000,0.000000,0.000000	1.779677,0.029434,0.006832	1.671730,0.023239,-0.185496	1.569166,0.016325,-0.331972	1.823502,-0.117473,0.009463	1.887258,-0.333488,0.000229	1.901285,-0.603490,0.094140	1.833323,0.177064,0.003586	1.882097,0.394070,0.040216	1.870247,0.666145,0.128259	12
1.869844,0.035312,0.164476	1.815878,0.031506,0.071246	0.000000,0.000000,0.000000	1.779716,0.029436,0.006837	1.671745,0.023244,-0.185479	1.569178,0.016324,-0.331951	1.823503,-0.117510,0.009461	1.887312,-0.333299,0.000136	1.901506,-0.603393,0.094365	1.833322,0.177042,0.003449	1.881973,0.393946,0.039630	1.870273,0.666056,0.128233	12
1.869914,0.035311,0.164463	1.815926,0.031506,0.071246	0.000000,0.000000,0.000000	1.779756,0.029436,0.006841	1.671760,0.023248,-0.185460	1.569191,0.016323,-0.331931	1.823504,-0.117547,0.009459	1.888034,-0.335306,0.000033	1.901626,-0.605157,0.095748	1.833320,0.177018,0.003309	1.882317,0.396046,0.039340	1.870100,0.668053,0.128951	12
1.869984,0.035311,0.164451	1.815974,0.031506,0.071246	0.000000,0.000000,0.000000	1.779795,0.029436,0.006846	1.671775,0.023251,-0.185442	1.569204,0.016322,-0.331911	1.823506,-0.117583,0.009457	1.888998,-0.338073,-0.000087	1.901706,-0.607674,0.097226	1.833317,0.176975,0.003128	1.882827,0.398881,0.039222	1.869846,0.670772,0.129912	12
1.870058,0.035311,0.164436	1.816023,0.031506,0.071246	0.000000,0.000000,0.000000	1.779841,0.029436,0.006847	1.671831,0.023252,-0.185445	1.569223,0.016322,-0.331892	1.823507,-0.117618,0.009456	1.889890,-0.340850,-0.000215	1.901813,-0.610236,0.098616	1.833315,0.176945,0.002976	1.883418,0.401738,0.038897	1.869553,0.673426,0.130943	12
1.870141,0.035310,0.164420	1.816078,0.031506,0.071246	0.000000,0.000000,0.000000	1.779895,0.029436,0.006848	1.671890,0.023251,-0.185445	1.569247,0.016322,-0.331871	1.823511,-0.117654,0.009454	1.890638,-0.343290,-0.000339	1.901990,-0.612487,0.099845	1.833312,0.176908,0.002810	1.883970,0.404185,0.038765	1.869272,0.675770,0.131815	12
1.870224,0.035310,0.164404	1.816134,0.031506,0.071246	0.000000,0.000000,0.000000	1.779949,0.029436,0.006849	1.671927,0.023251,-0.185434	1.569270,0.016323,-0.331849	1.823516,-0.117689,0.009453	1.891240,-0.345295,-0.000471	1.902199,-0.614333,0.100857	1.833301,0.176799,0.002489	1.884430,0.406072,0.038674	1.869035,0.677615,0.132461	12
1.870385,0.035312,0.164344	1.816193,0.031506,0.071245	0.000000,0.000000,0.000000	1.780031,0.029435,0.006836	1.672165,0.023252,-0.185535	1.569417,0.016312,-0.331898	1.825065,-0.117467,0.008954	1.891668,-0.347113,-0.000588	1.902525,-0.615990,0.101804	1.833164,0.176767,0.002215	1.884840,0.407616,0.038351	1.868835,0.679058,0.133004	12
1.870602,0.035315,0.164251	1.816252,0.031506,0.071244	0.000000,0.000000,0.000000	1.780121,0.029435,0.006818	1.672361,0.023251,-0.185613	1.569609,0.016295,-0.331974	1.828117,-0.117087,0.008262	1.891932,-0.348853,-0.000712	1.902984,-0.617560,0.102738	1.832973,0.176810,0.001946	1.885237,0.408887,0.037810	1.868670,0.680188,0.133459	12
1.870813,0.035319,0.164161	1.816312,0.031506,0.071243	0.000000,0.000000,0.000000	1.780216,0.029435,0.006796	1.672567,0.023247,-0.185696	1.569931,0.016226,-0.332136	1.831825,-0.116642,0.007526	1.892051,-0.350403,-0.000854	1.903516,-0.618950,0.103586	1.832767,0.176933,0.001678	1.885609,0.409904,0.037548	1.868532,0.681207,0.133778	12
1.871004,0.035323,0.164082	1.816371,0.031506,0.071241	0.000000,0.000000,0.000000	1.780317,0.029434,0.006772	1.672800,0.023243,-0.185795	1.570259,0.016130,-0.332298	1.833470,-0.116385,0.006654	1.892168,-0.351373,-0.001036	1.904014,-0.619906,0.104172	1.832578,0.177103,0.001403	1.886024,0.410823,0.036700	1.868485,0.681995,0.134045	12
1.871226,0.035327,0.163982	1.816430,0.031506,0.071238	0.000000,0.000000,0.000000	1.780421,0.029433,0.006743	1.673040,0.023239,-0.185901	1.570628,0.016025,-0.332487	1.833866,-0.116277,0.005777	1.892287,-0.351990,-0.001277	1.904543,-0.620618,0.104606	1.832352,0.177297,0.001099	1.886445,0.411614,0.035600	1.868497,0.682664,0.134245	12
1.871485,0.035330,0.163859	1.816489,0.031506,0.071233	0.000000,0.000000,0.000000	1.780525,0.029432,0.006713	1.673280,0.023235,-0.186007	1.571024,0.015919,-0.332696	1.833641,-0.116270,0.004954	1.892410,-0.352407,-0.001574	1.905082,-0.621219,0.104951	1.832112,0.177507,0.000790	1.886865,0.412248,0.034747	1.868558,0.683399,0.134294	12
1.871764,0.035332,0.163723	1.816549,0.031506,0.071228	0.000000,0.000000,0.000000	1.780634,0.029431,0.006680	1.673544,0.023232,-0.186127	1.571429,0.015820,-0.332910	1.833258,-0.116338,0.004254	1.892531,-0.352749,-0.001941	1.905671,-0.621822,0.105293	1.831874,0.177720,0.000465	1.887395,0.412770,0.033757	1.868670,0.684072,0.134339	12
1.872043,0.035333,0.163584	1.816608,0.031506,0.071221	0.000000,0.000000,0.000000	1.780743,0.029430,0.006646	1.673797,0.023228,-0.186242	1.571737,0.015685,-0.333056	1.833024,-0.116427,0.003629	1.892637,-0.353069,-0.002414	1.906285,-0.622402,0.105646	1.831586,0.177936,0.000124	1.887961,0.413145,0.033091	1.868803,0.684819,0.134237	12
1.872278,0.035335,0.163471	1.816667,0.031506,0.071213	0.000000,0.000000,0.000000	1.780859,0.029430,0.006607	1.674110,0.023228,-0.186390	1.571993,0.015538,-0.333161	1.832913,-0.116584,0.003192	1.892747,-0.353417,-0.002978	1.906857,-0.622985,0.106036	1.831311,0.178155,-0.000204	1.888540,0.413463,0.032383	1.868958,0.685531,0.134101	12
1.872464,0.035338,0.163386	1.816725,0.031506,0.071205	0.000000,0.000000,0.000000	1.780977,0.029429,0.006566	1.674402,0.023227,-0.186528	1.572180,0.015368,-0.333216	1.832775,-0.116800,0.002904	1.892866,-0.353759,-0.003564	1.907381,-0.623421,0.106355	1.831022,0.178361,-0.000531	1.888942,0.413661,0.032356	1.869200,0.686300,0.133787	12
1.872617,0.035342,0.163319	1.816784,0.031506,0.071195	0.000000,0.000000,0.000000	1.781099,0.029430,0.006521	1.674729,0.023234,-0.186687	1.572323,0.015192,-0.333238	1.832589,-0.117018,0.002638	1.892980,-0.354052,-0.004124	1.907848,-0.623664,0.106561	1.830944,0.178545,-0.000833	1.889253,0.413863,0.032394	1.869497,0.686948,0.133371	12
1.872752,0.035347,0.163260	1.816841,0.031506,0.071185	0.000000,0.000000,0.000000	1.781221,0.029432,0.006474	1.675040,0.023244,-0.186840	1.572437,0.015068,-0.333244	1.832381,-0.117274,0.002490	1.893100,-0.354341,-0.004704	1.908339,-0.623717,0.106704	1.830902,0.178708,-0.001131	1.889511,0.414026,0.032488	1.869745,0.687492,0.132651	12
1.872875,0.035352,0.163202	1.816897,0.031506,0.071167	0.000000,0.000000,0.000000	1.781339,0.029434,0.006422	1.675338,0.023254,-0.186997	1.572523,0.014998,-0.333241	1.832160,-0.117539,0.002395	1.893215,-0.354605,-0.005360	1.908520,-0.623574,0.106806	1.830872,0.178844,-0.001451	1.889777,0.414133,0.032578	1.870064,0.687906,0.131667	12
1.872996,0.035358,0.163123	1.816952,0.031506,0.071129	0.000000,0.000000,0.000000	1.781462,0.029437,0.006347	1.675672,0.023266,-0.187204	1.572593,0.014965,-0.333246	1.831936,-0.117780,0.002281	1.893326,-0.354822,-0.006065	1.908551,-0.623362,0.106864	1.830844,0.178948,-0.001802	1.890209,0.414156,0.032558	1.870644,0.688213,0.130577	12
