joint_position_head	joint_position_neck	joint_position_shoulder	joint_position_spine_top	joint_position_spine_mid	joint_position_spine_bottom	joint_position_left_shoulder	joint_position_left_elbow	joint_position_left_hand	joint_position_right_shoulder	joint_position_right_elbow	joint_position_right_hand	
XYZ order
1.613575,0.027676,0.364640	1.630556,0.028655,0.264539	0.000000,0.000000,0.000000	1.629745,0.028060,0.194922	1.627476,0.026395,0.000240	1.595679,0.023116,-0.157820	1.633586,-0.100445,0.203444	1.663560,-0.329541,0.210157	1.582826,-0.356665,0.448599	1.638960,0.157274,0.202935	1.666085,0.386189,0.219984	1.595178,0.431917,0.458708	12
1.613870,0.027677,0.363988	1.630522,0.028655,0.263826	0.000000,0.000000,0.000000	1.629727,0.028059,0.194209	1.627504,0.026392,-0.000527	1.595567,0.023103,-0.158446	1.633586,-0.100615,0.203278	1.663824,-0.329651,0.210777	1.583854,-0.356634,0.449496	1.638966,0.157505,0.202899	1.665811,0.386414,0.220471	1.595522,0.431780,0.459451	12
1.614028,0.027680,0.363348	1.630488,0.028655,0.263151	0.000000,0.000000,0.000000	1.629706,0.028059,0.193533	1.627519,0.026389,-0.001303	1.595454,0.023091,-0.159026	1.633585,-0.100756,0.203136	1.663888,-0.329740,0.211842	1.585062,-0.356587,0.450958	1.638970,0.157692,0.202852	1.665553,0.386576,0.221133	1.595804,0.431742,0.460313	12
1.614095,0.027681,0.362831	1.630453,0.028656,0.262613	0.000000,0.000000,0.000000	1.629682,0.028059,0.192996	1.627525,0.026387,-0.001993	1.595365,0.023081,-0.159463	1.633580,-0.100829,0.203006	1.663901,-0.329753,0.213083	1.586261,-0.356564,0.452594	1.638967,0.157803,0.202805	1.665494,0.386665,0.221445	1.595683,0.431998,0.460579	12
1.614158,0.027687,0.362318	1.630418,0.028655,0.262082	0.000000,0.000000,0.000000	1.629657,0.028059,0.192464	1.627524,0.026385,-0.002721	1.595275,0.023072,-0.159886	1.633575,-0.100888,0.202875	1.663905,-0.329750,0.214269	1.587405,-0.356523,0.454154	1.638964,0.157893,0.202739	1.665536,0.386735,0.221555	1.595475,0.432329,0.460568	12
1.614244,0.027694,0.361743	1.630382,0.028655,0.261485	0.000000,0.000000,0.000000	1.629630,0.028058,0.191867	1.627521,0.026382,-0.003542	1.595173,0.023062,-0.160355	1.633570,-0.100959,0.202728	1.663918,-0.329754,0.215376	1.588488,-0.356463,0.455610	1.638960,0.157984,0.202638	1.665681,0.386799,0.221569	1.595205,0.432710,0.460402	12
1.614349,0.027702,0.361127	1.630348,0.028655,0.260846	0.000000,0.000000,0.000000	1.629605,0.028058,0.191228	1.627517,0.026380,-0.004388	1.595083,0.023053,-0.160817	1.633564,-0.101032,0.202567	1.663948,-0.329790,0.215830	1.589468,-0.356414,0.456373	1.638956,0.158075,0.202518	1.665886,0.386869,0.221404	1.595305,0.432877,0.460189	12
1.614460,0.027710,0.360505	1.630314,0.028656,0.260199	0.000000,0.000000,0.000000	1.629579,0.028058,0.190581	1.627514,0.026377,-0.005198	1.595010,0.023045,-0.161229	1.633559,-0.101100,0.202410	1.663991,-0.329838,0.215910	1.590247,-0.356363,0.456693	1.638953,0.158158,0.202397	1.666111,0.386941,0.221097	1.595664,0.432871,0.459938	12
1.614554,0.027716,0.359998	1.630283,0.028655,0.259672	0.000000,0.000000,0.000000	1.629556,0.028058,0.190054	1.627511,0.026375,-0.005816	1.594974,0.023042,-0.161474	1.633553,-0.101122,0.202278	1.664039,-0.329856,0.215714	1.590876,-0.356346,0.456679	1.638948,0.158196,0.202304	1.666316,0.386985,0.220619	1.596216,0.432784,0.459588	12
1.614643,0.027723,0.359524	1.630245,0.028655,0.259177	0.000000,0.000000,0.000000	1.629527,0.028057,0.189558	1.627508,0.026373,-0.006305	1.594957,0.023040,-0.161639	1.633546,-0.101127,0.202145	1.664088,-0.329864,0.215406	1.590856,-0.356245,0.456362	1.638935,0.158220,0.202215	1.666611,0.387014,0.219983	1.596932,0.432632,0.459111	12
1.614732,0.027728,0.359051	1.630204,0.028656,0.258683	0.000000,0.000000,0.000000	1.629496,0.028056,0.189065	1.627506,0.026371,-0.006691	1.594949,0.023039,-0.161760	1.633539,-0.101129,0.202008	1.664132,-0.329873,0.214998	1.590442,-0.356168,0.455824	1.638920,0.158241,0.202125	1.666973,0.387037,0.219265	1.597734,0.432451,0.458559	12
1.614801,0.027647,0.358565	1.630160,0.028656,0.258180	0.000000,0.000000,0.000000	1.629465,0.028043,0.188562	1.627513,0.026325,-0.006906	1.595187,0.023010,-0.161922	1.633412,-0.100803,0.201013	1.664158,-0.329480,0.214778	1.590016,-0.356405,0.455395	1.638753,0.157933,0.201156	1.667313,0.386640,0.218632	1.598598,0.432381,0.458016	12
1.614858,0.027523,0.358073	1.630115,0.028656,0.257673	0.000000,0.000000,0.000000	1.629434,0.028023,0.188055	1.627526,0.026251,-0.006859	1.595611,0.022966,-0.162111	1.633235,-0.100128,0.199059	1.664122,-0.328658,0.214732	1.589882,-0.356774,0.455181	1.638488,0.157121,0.198885	1.667602,0.385626,0.217965	1.599575,0.432457,0.457333	12
1.615114,0.027431,0.356510	1.630072,0.028656,0.257159	0.000000,0.000000,0.000000	1.629402,0.028001,0.187541	1.627533,0.026177,-0.006645	1.596003,0.022933,-0.162330	1.633071,-0.099769,0.197666	1.664148,-0.328192,0.214523	1.589968,-0.356851,0.454928	1.638347,0.156764,0.197487	1.667961,0.385161,0.217110	1.600583,0.432383,0.456586	12
1.615456,0.027384,0.354604	1.630031,0.028656,0.256638	0.000000,0.000000,0.000000	1.629370,0.027980,0.187020	1.627533,0.026103,-0.006361	1.596264,0.022900,-0.162553	1.632908,-0.099610,0.196647	1.664215,-0.327960,0.214098	1.590214,-0.356808,0.454537	1.638277,0.156679,0.196628	1.668360,0.385029,0.216111	1.601621,0.432205,0.455775	12
1.615773,0.027360,0.352732	1.629981,0.028656,0.256103	0.000000,0.000000,0.000000	1.629330,0.027957,0.186485	1.627529,0.026023,-0.006085	1.596405,0.022813,-0.162758	1.632758,-0.099557,0.195831	1.664382,-0.327855,0.213405	1.590497,-0.356708,0.453880	1.638246,0.156734,0.196048	1.668818,0.385067,0.214970	1.602733,0.431963,0.454872	12
1.616040,0.027344,0.351083	1.629927,0.028656,0.255582	0.000000,0.000000,0.000000	1.629286,0.027931,0.185964	1.627519,0.025935,-0.005872	1.596475,0.022678,-0.162961	1.632694,-0.099552,0.195131	1.664615,-0.327826,0.212485	1.590853,-0.356546,0.453013	1.638250,0.156842,0.195597	1.669304,0.385175,0.213696	1.603909,0.431692,0.453861	12
1.616257,0.027337,0.349735	1.629889,0.028656,0.255125	0.000000,0.000000,0.000000	1.629252,0.027906,0.185508	1.627504,0.025848,-0.005692	1.596496,0.022529,-0.163122	1.632677,-0.099589,0.194599	1.664896,-0.327870,0.211273	1.591277,-0.356295,0.451880	1.638265,0.156963,0.195251	1.669798,0.385313,0.212267	1.605048,0.431495,0.452671	12
1.616428,0.027333,0.348625	1.629867,0.028656,0.254695	0.000000,0.000000,0.000000	1.629231,0.027891,0.185077	1.627488,0.025797,-0.005581	1.596487,0.022467,-0.163273	1.632684,-0.099593,0.194023	1.665172,-0.327901,0.209758	1.591808,-0.356000,0.450481	1.638287,0.157100,0.194964	1.670358,0.385477,0.210546	1.606147,0.431356,0.451153	12
1.616589,0.027331,0.347608	1.629857,0.028656,0.254162	0.000000,0.000000,0.000000	1.629218,0.027882,0.184545	1.627473,0.025767,-0.005675	1.596451,0.022453,-0.163505	1.632689,-0.099597,0.193347	1.665436,-0.327948,0.207859	1.592501,-0.355639,0.448760	1.638309,0.157226,0.194553	1.670942,0.385619,0.208672	1.607077,0.431324,0.449404	12
1.616483,0.027250,0.346691	1.629837,0.028650,0.252662	0.000000,0.000000,0.000000	1.629203,0.027874,0.183044	1.627477,0.025756,-0.006864	1.596499,0.022552,-0.164831	1.632694,-0.099806,0.192180	1.665730,-0.328193,0.205435	1.593315,-0.355145,0.446576	1.638333,0.157414,0.193373	1.671570,0.385795,0.206238	1.607782,0.431386,0.447013	12
1.616194,0.027119,0.345544	1.629811,0.028641,0.250536	0.000000,0.000000,0.000000	1.629190,0.027868,0.180918	1.627498,0.025762,-0.008921	1.596661,0.022719,-0.167058	1.632698,-0.100140,0.190729	1.666042,-0.328574,0.202263	1.594257,-0.354571,0.443697	1.638366,0.157654,0.191780	1.672228,0.386001,0.203620	1.608295,0.431621,0.444350	12
1.615889,0.026973,0.343823	1.629742,0.028627,0.247785	0.000000,0.000000,0.000000	1.629146,0.027862,0.178168	1.627520,0.025773,-0.011890	1.596840,0.022900,-0.170177	1.632696,-0.100563,0.188958	1.666374,-0.329035,0.198618	1.595153,-0.354011,0.440327	1.638381,0.157826,0.189537	1.672824,0.386025,0.202444	1.608420,0.432205,0.442940	12
1.615677,0.026918,0.341774	1.629656,0.028616,0.244809	0.000000,0.000000,0.000000	1.629087,0.027856,0.175191	1.627532,0.025777,-0.015131	1.596811,0.023130,-0.173492	1.632691,-0.100814,0.186670	1.666693,-0.329254,0.196039	1.595831,-0.353647,0.436933	1.638378,0.157800,0.186696	1.673349,0.385779,0.201767	1.608962,0.432525,0.441172	12
1.615652,0.026976,0.339764	1.629552,0.028609,0.242010	0.000000,0.000000,0.000000	1.629013,0.027850,0.172392	1.627537,0.025773,-0.018087	1.596623,0.023400,-0.176456	1.632671,-0.100569,0.183413	1.666923,-0.328912,0.194062	1.596436,-0.353559,0.433279	1.638353,0.157478,0.183311	1.673890,0.385147,0.201337	1.609626,0.433047,0.438771	12
1.615862,0.027056,0.337779	1.629427,0.028605,0.239365	0.000000,0.000000,0.000000	1.628922,0.027845,0.169746	1.627538,0.025765,-0.020767	1.596359,0.023597,-0.179098	1.632616,-0.099450,0.178186	1.667053,-0.327533,0.192639	1.596149,-0.354250,0.431031	1.638332,0.157269,0.180004	1.674403,0.384599,0.201030	1.610199,0.433599,0.437785	12
1.616140,0.027120,0.336367	1.629341,0.028602,0.237428	0.000000,0.000000,0.000000	1.628859,0.027841,0.167810	1.627543,0.025758,-0.022644	1.596136,0.023715,-0.180924	1.632602,-0.099376,0.175820	1.667380,-0.327276,0.192376	1.595530,-0.354563,0.430616	1.638292,0.156767,0.176765	1.675141,0.383721,0.200415	1.610993,0.434254,0.437055	12
1.616425,0.027162,0.335510	1.629292,0.028601,0.236160	0.000000,0.000000,0.000000	1.628826,0.027840,0.166541	1.627552,0.025757,-0.023774	1.596003,0.023790,-0.182008	1.632606,-0.099690,0.175045	1.667749,-0.327465,0.192670	1.594566,-0.354800,0.430954	1.638289,0.156761,0.175333	1.675960,0.383542,0.199443	1.611766,0.434726,0.436388	12
1.616664,0.027187,0.335222	1.629271,0.028601,0.235553	0.000000,0.000000,0.000000	1.628814,0.027840,0.165934	1.627564,0.025763,-0.024208	1.595965,0.023863,-0.182407	1.632616,-0.100056,0.175164	1.668376,-0.327756,0.192568	1.593584,-0.354950,0.430864	1.638299,0.156913,0.175006	1.676365,0.383719,0.198243	1.612842,0.434955,0.435855	12
