joint_position_head	joint_position_neck	joint_position_shoulder	joint_position_spine_top	joint_position_spine_mid	joint_position_spine_bottom	joint_position_left_shoulder	joint_position_left_elbow	joint_position_left_hand	joint_position_right_shoulder	joint_position_right_elbow	joint_position_right_hand	
XYZ order
1.668141,0.035629,0.349070	1.652689,0.034127,0.248822	0.000000,0.000000,0.000000	1.648428,0.030982,0.178317	1.635705,0.021592,-0.032208	1.589183,0.022539,-0.182953	1.655608,-0.123439,0.203043	1.644373,-0.187165,0.428676	1.608069,0.009069,0.586601	1.657173,0.191393,0.202141	1.637908,0.276877,0.419905	1.580104,0.084013,0.575470	12
1.667988,0.035790,0.349025	1.652170,0.034321,0.249445	0.000000,0.000000,0.000000	1.647997,0.031139,0.178937	1.635537,0.021637,-0.031599	1.589290,0.022557,-0.182357	1.655310,-0.123342,0.202635	1.644687,-0.186229,0.428532	1.608254,0.009065,0.586242	1.658028,0.191719,0.202017	1.637396,0.278478,0.419146	1.581714,0.086070,0.574715	12
1.667820,0.035896,0.348795	1.651657,0.034525,0.249753	0.000000,0.000000,0.000000	1.647564,0.031301,0.179242	1.635341,0.021677,-0.031303	1.589286,0.022587,-0.182053	1.655036,-0.123359,0.202498	1.645395,-0.185638,0.428606	1.607907,0.009876,0.585878	1.658867,0.192126,0.202001	1.636888,0.280145,0.418488	1.582847,0.086567,0.573288	12
1.667577,0.036010,0.348512	1.651215,0.034768,0.249867	0.000000,0.000000,0.000000	1.647179,0.031493,0.179355	1.635126,0.021713,-0.031192	1.589221,0.022625,-0.181926	1.654801,-0.123403,0.202527	1.646162,-0.185184,0.428812	1.607362,0.011212,0.585375	1.659646,0.192601,0.202024	1.636530,0.281396,0.418077	1.583472,0.086327,0.572086	12
1.667306,0.036150,0.348257	1.650937,0.035033,0.249887	0.000000,0.000000,0.000000	1.646910,0.031703,0.179377	1.634884,0.021759,-0.031164	1.589114,0.022673,-0.181883	1.654442,-0.123429,0.202561	1.646715,-0.184749,0.429005	1.606959,0.012309,0.585384	1.660318,0.193107,0.202067	1.636249,0.282085,0.417942	1.582794,0.085717,0.571069	12
1.667009,0.036316,0.348050	1.650753,0.035322,0.249871	0.000000,0.000000,0.000000	1.646708,0.031936,0.179365	1.634631,0.021827,-0.031165	1.588971,0.022736,-0.181869	1.654029,-0.123414,0.202592	1.647151,-0.184226,0.429200	1.606652,0.013195,0.585764	1.660948,0.193577,0.201960	1.636007,0.282429,0.417787	1.582379,0.088205,0.574352	12
1.666715,0.036501,0.347897	1.650693,0.035629,0.249848	0.000000,0.000000,0.000000	1.646598,0.032215,0.179347	1.634372,0.022020,-0.031171	1.588818,0.023090,-0.181863	1.653872,-0.123355,0.202619	1.647581,-0.183555,0.429408	1.606301,0.013976,0.586322	1.661579,0.194018,0.201766	1.635766,0.282699,0.417561	1.582199,0.091450,0.578412	12
1.666425,0.036692,0.347786	1.650700,0.035939,0.249829	0.000000,0.000000,0.000000	1.646536,0.032536,0.179331	1.634102,0.022376,-0.031176	1.588655,0.023637,-0.181862	1.653760,-0.123269,0.202643	1.648040,-0.182909,0.429596	1.605925,0.014632,0.586821	1.662176,0.194428,0.201529	1.635575,0.283023,0.417262	1.582893,0.093942,0.581496	12
1.666258,0.036890,0.347690	1.650737,0.036242,0.249817	0.000000,0.000000,0.000000	1.646493,0.032877,0.179321	1.633823,0.022830,-0.031177	1.588474,0.024274,-0.181859	1.653719,-0.123165,0.202669	1.648515,-0.182269,0.429774	1.605557,0.015153,0.587341	1.662845,0.194803,0.201289	1.635378,0.283353,0.416932	1.583884,0.095051,0.582873	12
1.666173,0.037093,0.347606	1.650782,0.036550,0.249809	0.000000,0.000000,0.000000	1.646456,0.033233,0.179316	1.633540,0.023331,-0.031174	1.588275,0.024940,-0.181853	1.653699,-0.123035,0.202683	1.649131,-0.181245,0.430032	1.605043,0.015802,0.588074	1.663478,0.195162,0.201046	1.635167,0.283840,0.416527	1.585288,0.095222,0.582923	12
1.666137,0.037297,0.347535	1.650829,0.036855,0.249804	0.000000,0.000000,0.000000	1.646422,0.033616,0.179313	1.633264,0.023945,-0.031173	1.588060,0.025682,-0.181848	1.653687,-0.122887,0.202695	1.649800,-0.179974,0.430341	1.604456,0.016556,0.588916	1.664138,0.195502,0.200822	1.634990,0.284379,0.416108	1.586391,0.095211,0.582495	12
1.666316,0.037739,0.347337	1.650873,0.037162,0.249801	0.000000,0.000000,0.000000	1.646381,0.034100,0.179307	1.632968,0.024956,-0.031186	1.587699,0.026513,-0.181845	1.653599,-0.120931,0.202979	1.650125,-0.179075,0.430361	1.604175,0.017039,0.589468	1.664186,0.194040,0.200758	1.635294,0.284857,0.415260	1.587211,0.095700,0.581991	12
1.666631,0.038341,0.346967	1.650918,0.037465,0.249792	0.000000,0.000000,0.000000	1.646337,0.034642,0.179294	1.632661,0.026214,-0.031212	1.587280,0.027396,-0.181861	1.653538,-0.118193,0.203340	1.650217,-0.178805,0.430069	1.604199,0.017142,0.589513	1.663924,0.191857,0.200928	1.635826,0.285324,0.414386	1.587905,0.096246,0.581391	12
1.667022,0.039043,0.346442	1.650962,0.037786,0.249779	0.000000,0.000000,0.000000	1.646293,0.035226,0.179277	1.632352,0.027583,-0.031242	1.586683,0.028294,-0.181849	1.653495,-0.115215,0.203705	1.650242,-0.178446,0.429717	1.604266,0.017298,0.589538	1.663526,0.189539,0.201286	1.636417,0.285757,0.413647	1.588523,0.096643,0.580729	12
1.667386,0.039770,0.345871	1.651007,0.038101,0.249764	0.000000,0.000000,0.000000	1.646250,0.035819,0.179258	1.632048,0.029005,-0.031271	1.585964,0.029200,-0.181819	1.653462,-0.112327,0.204082	1.650247,-0.177901,0.429431	1.604595,0.018416,0.588732	1.663259,0.187356,0.201863	1.637029,0.286222,0.413122	1.588757,0.097024,0.580086	12
1.667711,0.040452,0.345317	1.651054,0.038417,0.249748	0.000000,0.000000,0.000000	1.646213,0.036418,0.179240	1.631757,0.030449,-0.031299	1.585227,0.030121,-0.181795	1.653466,-0.111345,0.203798	1.650246,-0.176857,0.429174	1.605131,0.020952,0.586836	1.663211,0.187150,0.202035	1.637536,0.286226,0.413276	1.588872,0.096727,0.579852	12
1.667986,0.041116,0.344848	1.651099,0.038731,0.249732	0.000000,0.000000,0.000000	1.646201,0.037003,0.179220	1.631576,0.031843,-0.031329	1.584687,0.031012,-0.181810	1.653473,-0.111362,0.203227	1.650261,-0.175628,0.428960	1.605680,0.023720,0.584886	1.663275,0.187897,0.201803	1.638025,0.286069,0.413516	1.588840,0.096442,0.579851	12
1.668173,0.041608,0.344485	1.651147,0.039047,0.249715	0.000000,0.000000,0.000000	1.646216,0.037505,0.179201	1.631492,0.032902,-0.031354	1.584553,0.031721,-0.181969	1.653587,-0.111779,0.202514	1.650261,-0.174572,0.428658	1.606524,0.027005,0.581973	1.664170,0.189013,0.201524	1.638174,0.286113,0.413637	1.589036,0.096285,0.579802	12
1.668319,0.041940,0.344207	1.651197,0.039359,0.249698	0.000000,0.000000,0.000000	1.646245,0.037946,0.179182	1.631457,0.033728,-0.031377	1.584619,0.032303,-0.182239	1.653592,-0.110601,0.202356	1.650303,-0.174458,0.428202	1.606979,0.028294,0.580140	1.665297,0.188493,0.201802	1.638255,0.286651,0.413293	1.589448,0.096648,0.579392	12
1.668448,0.042223,0.343993	1.651246,0.039663,0.249679	0.000000,0.000000,0.000000	1.646278,0.038302,0.179163	1.631444,0.034236,-0.031395	1.584793,0.032765,-0.182596	1.653530,-0.108647,0.202429	1.650369,-0.174691,0.427640	1.607101,0.028659,0.578839	1.666485,0.187155,0.202281	1.638295,0.287481,0.412592	1.589994,0.097370,0.578746	12
1.668581,0.042397,0.343825	1.651298,0.039954,0.249657	0.000000,0.000000,0.000000	1.646319,0.038597,0.179142	1.631450,0.034547,-0.031415	1.585001,0.033298,-0.183011	1.653446,-0.106476,0.202641	1.650448,-0.175106,0.427077	1.606877,0.028863,0.577381	1.667664,0.185536,0.202816	1.638407,0.288254,0.411821	1.590357,0.098163,0.578094	12
1.668721,0.042488,0.343694	1.651352,0.040243,0.249633	0.000000,0.000000,0.000000	1.646362,0.038853,0.179120	1.631462,0.034699,-0.031432	1.585196,0.033698,-0.183455	1.653351,-0.104415,0.203107	1.650528,-0.175607,0.426748	1.606664,0.028363,0.576987	1.668744,0.183938,0.203331	1.638558,0.288996,0.411041	1.590613,0.098987,0.577458	12
1.668859,0.042526,0.343591	1.651404,0.040518,0.249610	0.000000,0.000000,0.000000	1.646407,0.039064,0.179098	1.631486,0.034722,-0.031448	1.585301,0.033934,-0.183843	1.653262,-0.102576,0.203719	1.650574,-0.176133,0.426602	1.606720,0.027874,0.576808	1.669193,0.182534,0.203777	1.638885,0.289720,0.410388	1.590752,0.099777,0.576841	12
1.668939,0.042535,0.343515	1.651454,0.040669,0.249586	0.000000,0.000000,0.000000	1.646452,0.039171,0.179075	1.631518,0.034697,-0.031467	1.585367,0.034047,-0.184151	1.653162,-0.101049,0.204326	1.650609,-0.176594,0.426551	1.606779,0.027845,0.576184	1.669169,0.181244,0.204188	1.639362,0.290424,0.409831	1.590773,0.100545,0.576235	12
1.668988,0.042532,0.343458	1.651503,0.040759,0.249559	0.000000,0.000000,0.000000	1.646498,0.039228,0.179050	1.631553,0.034658,-0.031489	1.585418,0.034091,-0.184375	1.653066,-0.099732,0.204823	1.650639,-0.177061,0.426438	1.606796,0.027725,0.575602	1.668869,0.180096,0.204557	1.639692,0.291129,0.409298	1.590863,0.101243,0.575635	12
1.669026,0.042525,0.343405	1.651558,0.040822,0.249522	0.000000,0.000000,0.000000	1.646546,0.039266,0.179014	1.631583,0.034618,-0.031522	1.585441,0.034102,-0.184511	1.653034,-0.098581,0.205239	1.650650,-0.177475,0.426304	1.606882,0.027413,0.575359	1.668487,0.179087,0.204882	1.639916,0.291557,0.408926	1.590913,0.101703,0.575256	12
1.669057,0.042520,0.343355	1.651614,0.040879,0.249473	0.000000,0.000000,0.000000	1.646592,0.039300,0.178966	1.631598,0.034585,-0.031567	1.585439,0.034101,-0.184594	1.653015,-0.097561,0.205590	1.650659,-0.177972,0.426107	1.606979,0.027041,0.575022	1.668100,0.178205,0.205167	1.640081,0.291855,0.408634	1.590959,0.102067,0.575011	12
1.669066,0.042516,0.343310	1.651672,0.040939,0.249414	0.000000,0.000000,0.000000	1.646638,0.039339,0.178908	1.631605,0.034562,-0.031621	1.585431,0.034097,-0.184643	1.653005,-0.096647,0.205892	1.650674,-0.178456,0.425894	1.607015,0.026834,0.574439	1.667837,0.177427,0.205420	1.640175,0.292068,0.408378	1.591052,0.102450,0.574952	12
1.669065,0.042514,0.343267	1.651736,0.041005,0.249341	0.000000,0.000000,0.000000	1.646685,0.039384,0.178837	1.631602,0.034543,-0.031687	1.585415,0.034094,-0.184687	1.653000,-0.095825,0.206158	1.650691,-0.178666,0.425774	1.606960,0.026874,0.573955	1.667566,0.176757,0.205638	1.640256,0.292252,0.408158	1.591183,0.102821,0.574964	12
1.669062,0.042513,0.343227	1.651801,0.041077,0.249261	0.000000,0.000000,0.000000	1.646731,0.039434,0.178759	1.631593,0.034528,-0.031759	1.585396,0.034093,-0.184732	1.652996,-0.095084,0.206394	1.650701,-0.178708,0.425713	1.606750,0.027314,0.573159	1.667288,0.176179,0.205826	1.640337,0.292427,0.407961	1.591334,0.103191,0.575013	12
