joint_position_head	joint_position_neck	joint_position_shoulder	joint_position_spine_top	joint_position_spine_mid	joint_position_spine_bottom	joint_position_left_shoulder	joint_position_left_elbow	joint_position_left_hand	joint_position_right_shoulder	joint_position_right_elbow	joint_position_right_hand	
XYZ order
1.712830,0.028421,0.190135	1.689084,0.028202,0.093920	0.000000,0.000000,0.000000	1.677253,0.028525,0.024860	1.641925,0.029490,-0.181352	1.594086,0.028945,-0.335525	1.693545,-0.107612,0.058396	1.687328,-0.194465,0.274100	1.653894,-0.003911,0.432220	1.700041,0.164225,0.060552	1.684730,0.270682,0.266786	1.653692,0.079680,0.424926	12
1.713151,0.028294,0.185027	1.691893,0.028199,0.088001	0.000000,0.000000,0.000000	1.679327,0.028458,0.019071	1.641804,0.029233,-0.186752	1.594316,0.028791,-0.341176	1.693578,-0.110151,0.053959	1.689650,-0.196374,0.269966	1.656517,-0.005354,0.429263	1.700579,0.166588,0.055129	1.686774,0.267954,0.263970	1.654415,0.077792,0.424457	12
1.713742,0.028151,0.181320	1.694888,0.028197,0.083531	0.000000,0.000000,0.000000	1.681506,0.028386,0.014755	1.641547,0.028950,-0.190607	1.594587,0.028622,-0.345252	1.693418,-0.112340,0.048862	1.692605,-0.196899,0.265550	1.658972,-0.007854,0.428299	1.700886,0.169034,0.050587	1.689190,0.265439,0.261893	1.655016,0.076187,0.424322	12
1.714469,0.028010,0.179135	1.697503,0.028196,0.080793	0.000000,0.000000,0.000000	1.683406,0.028337,0.012160	1.641312,0.028757,-0.192777	1.594852,0.028502,-0.347595	1.693253,-0.112318,0.044459	1.696217,-0.196349,0.261334	1.661193,-0.010457,0.428307	1.701055,0.169663,0.048235	1.691822,0.264241,0.260536	1.655830,0.075834,0.424528	12
1.715208,0.027877,0.178003	1.699273,0.028196,0.079349	0.000000,0.000000,0.000000	1.684704,0.028310,0.010813	1.641199,0.028653,-0.193834	1.595025,0.028432,-0.348746	1.693148,-0.111689,0.042902	1.699081,-0.196319,0.259489	1.661239,-0.011822,0.428172	1.701218,0.169147,0.046743	1.694642,0.263642,0.259201	1.656631,0.076446,0.424881	12
1.715926,0.027727,0.177493	1.700298,0.028196,0.078703	0.000000,0.000000,0.000000	1.685471,0.028296,0.010221	1.641199,0.028595,-0.194264	1.595124,0.028387,-0.349211	1.693111,-0.110823,0.042863	1.699983,-0.196624,0.258970	1.660697,-0.012481,0.428340	1.701448,0.168284,0.046517	1.696665,0.263763,0.258589	1.656634,0.077039,0.424935	12
1.716613,0.027573,0.177303	1.700807,0.028196,0.078480	0.000000,0.000000,0.000000	1.685872,0.028287,0.010022	1.641274,0.028559,-0.194394	1.595179,0.028356,-0.349340	1.693024,-0.111674,0.043116	1.699698,-0.196619,0.259568	1.659676,-0.012514,0.429293	1.701735,0.169095,0.046535	1.697234,0.263887,0.258925	1.656538,0.076703,0.425078	12
1.717105,0.027411,0.177277	1.701017,0.028196,0.078451	0.000000,0.000000,0.000000	1.686059,0.028280,0.009998	1.641394,0.028532,-0.194403	1.595206,0.028328,-0.349331	1.692921,-0.113398,0.043595	1.698836,-0.196199,0.260888	1.658916,-0.011640,0.430519	1.702051,0.170728,0.046636	1.697010,0.263791,0.259769	1.656502,0.075847,0.425491	12
1.717428,0.027249,0.177317	1.701078,0.028196,0.078489	0.000000,0.000000,0.000000	1.686126,0.028272,0.010035	1.641480,0.028502,-0.194369	1.595243,0.028298,-0.349292	1.692820,-0.115421,0.044123	1.697602,-0.195545,0.262437	1.658280,-0.010465,0.431935	1.702382,0.172645,0.046755	1.696402,0.263548,0.260786	1.656541,0.074781,0.426032	12
1.717698,0.027082,0.177363	1.701076,0.028195,0.078538	0.000000,0.000000,0.000000	1.686133,0.028267,0.010082	1.641514,0.028482,-0.194326	1.595269,0.028277,-0.349256	1.692727,-0.117431,0.044618	1.696229,-0.194779,0.263956	1.657577,-0.009480,0.433605	1.702693,0.174569,0.046927	1.695976,0.263251,0.261865	1.656446,0.073656,0.426487	12
1.717947,0.026909,0.177399	1.701061,0.028195,0.078577	0.000000,0.000000,0.000000	1.686121,0.028263,0.010120	1.641511,0.028467,-0.194290	1.595284,0.028261,-0.349230	1.692704,-0.119327,0.045191	1.694760,-0.193964,0.265489	1.656838,-0.008380,0.435182	1.703037,0.176356,0.047092	1.695675,0.262884,0.262888	1.656336,0.072350,0.426667	12
1.718201,0.026733,0.177422	1.701052,0.028195,0.078602	0.000000,0.000000,0.000000	1.686109,0.028261,0.010146	1.641490,0.028456,-0.194261	1.595293,0.028249,-0.349214	1.692724,-0.121063,0.045851	1.692822,-0.193201,0.266994	1.656438,-0.006035,0.435422	1.703389,0.177982,0.047326	1.695414,0.262549,0.263880	1.656213,0.071096,0.426779	12
1.718476,0.026554,0.177431	1.701047,0.028195,0.078616	0.000000,0.000000,0.000000	1.686099,0.028242,0.010162	1.641463,0.028381,-0.194242	1.595298,0.028192,-0.349206	1.692786,-0.122626,0.046539	1.690462,-0.192890,0.268278	1.655726,-0.003473,0.434636	1.703725,0.179447,0.047638	1.695226,0.262243,0.264858	1.656115,0.069592,0.426489	12
1.718675,0.026372,0.177445	1.701047,0.028195,0.078623	0.000000,0.000000,0.000000	1.686091,0.028227,0.010170	1.641433,0.028322,-0.194228	1.595303,0.028153,-0.349203	1.692877,-0.124014,0.047169	1.687946,-0.192814,0.269327	1.655996,-0.002286,0.431368	1.704078,0.180761,0.047998	1.695067,0.261960,0.265802	1.656437,0.069764,0.424423	12
1.718791,0.026180,0.177464	1.701046,0.028195,0.078626	0.000000,0.000000,0.000000	1.686083,0.028214,0.010175	1.641404,0.028273,-0.194220	1.595307,0.028126,-0.349202	1.692980,-0.125261,0.047803	1.685996,-0.192879,0.270274	1.656649,-0.003347,0.429022	1.704442,0.181944,0.048409	1.694926,0.261651,0.266741	1.656886,0.070504,0.421670	12
1.718850,0.025981,0.177485	1.701045,0.028194,0.078627	0.000000,0.000000,0.000000	1.686075,0.028204,0.010177	1.641376,0.028233,-0.194213	1.595312,0.028112,-0.349203	1.693102,-0.126291,0.047958	1.685780,-0.192877,0.270733	1.656190,-0.004576,0.429741	1.704829,0.183012,0.048860	1.694781,0.261305,0.267680	1.657027,0.069300,0.420404	12
1.718876,0.025780,0.177506	1.701044,0.028194,0.078627	0.000000,0.000000,0.000000	1.686068,0.028198,0.010178	1.641349,0.028211,-0.194207	1.595317,0.028105,-0.349203	1.693226,-0.127167,0.047866	1.686464,-0.192828,0.270929	1.654490,-0.007228,0.433306	1.705203,0.183972,0.049300	1.694639,0.260928,0.268568	1.656975,0.067310,0.420063	12
1.718886,0.025580,0.177525	1.701043,0.028194,0.078627	0.000000,0.000000,0.000000	1.686060,0.028196,0.010180	1.641323,0.028202,-0.194202	1.595321,0.028102,-0.349203	1.693353,-0.127940,0.047715	1.686775,-0.192783,0.271021	1.653476,-0.006719,0.434086	1.705600,0.184833,0.049719	1.694481,0.260541,0.269394	1.656515,0.065928,0.421102	12
1.718887,0.025384,0.177541	1.701042,0.028194,0.078626	0.000000,0.000000,0.000000	1.686053,0.028195,0.010181	1.641297,0.028201,-0.194197	1.595327,0.028101,-0.349202	1.693472,-0.128629,0.047546	1.686832,-0.192685,0.271075	1.653194,-0.005517,0.434368	1.705953,0.185613,0.050136	1.694308,0.260148,0.270183	1.656073,0.064262,0.421843	12
1.718887,0.025193,0.177554	1.701041,0.028193,0.078626	0.000000,0.000000,0.000000	1.686046,0.028195,0.010182	1.641272,0.028202,-0.194191	1.595332,0.028100,-0.349202	1.693595,-0.129250,0.047395	1.686869,-0.192561,0.271131	1.653258,-0.004063,0.434273	1.706397,0.186314,0.050548	1.694084,0.259739,0.270931	1.655820,0.062610,0.422442	12
1.718886,0.025019,0.177565	1.701040,0.028193,0.078626	0.000000,0.000000,0.000000	1.686039,0.028196,0.010184	1.641246,0.028203,-0.194186	1.595337,0.028100,-0.349201	1.693730,-0.129811,0.047267	1.686888,-0.192438,0.271191	1.653423,-0.003031,0.434429	1.706900,0.186951,0.050994	1.693826,0.259390,0.271660	1.655672,0.061117,0.422903	12
1.718885,0.024790,0.177574	1.701040,0.028193,0.078630	0.000000,0.000000,0.000000	1.686032,0.028196,0.010188	1.641222,0.028205,-0.194177	1.595344,0.028100,-0.349196	1.693876,-0.130318,0.047160	1.686858,-0.192346,0.271246	1.653787,-0.001763,0.434064	1.707109,0.187531,0.051387	1.693686,0.258909,0.272376	1.655477,0.059514,0.423068	12
1.718899,0.024526,0.177655	1.701039,0.028192,0.078730	0.000000,0.000000,0.000000	1.686031,0.028196,0.010288	1.641219,0.028206,-0.194077	1.595378,0.028100,-0.349102	1.694047,-0.130755,0.047053	1.686801,-0.192180,0.271297	1.654290,-0.000058,0.433082	1.707169,0.188058,0.051855	1.693599,0.258410,0.273164	1.655240,0.057909,0.423072	12
1.718919,0.024240,0.177771	1.701038,0.028192,0.078897	0.000000,0.000000,0.000000	1.686033,0.028196,0.010455	1.641231,0.028206,-0.193912	1.595433,0.028100,-0.348945	1.694216,-0.131131,0.046947	1.686732,-0.191981,0.271339	1.655158,-0.000484,0.430469	1.706868,0.188545,0.052358	1.693660,0.257785,0.274039	1.655169,0.058685,0.421922	12
1.718942,0.023955,0.177901	1.701037,0.028192,0.079114	0.000000,0.000000,0.000000	1.686038,0.028195,0.010671	1.641253,0.028206,-0.193701	1.595501,0.028100,-0.348741	1.694399,-0.131455,0.046841	1.686630,-0.191755,0.271372	1.655917,-0.002796,0.428600	1.706337,0.188986,0.052846	1.693828,0.257366,0.274833	1.655121,0.060651,0.420347	12
1.718966,0.023672,0.178031	1.701036,0.028191,0.079364	0.000000,0.000000,0.000000	1.686045,0.028195,0.010919	1.641282,0.028207,-0.193457	1.595580,0.028101,-0.348507	1.694585,-0.131734,0.046735	1.686518,-0.191557,0.271384	1.656466,-0.005232,0.426682	1.706069,0.189372,0.053324	1.693890,0.257553,0.275392	1.655169,0.063185,0.418426	12
1.718990,0.023394,0.178169	1.701035,0.028191,0.079658	0.000000,0.000000,0.000000	1.686055,0.028195,0.011211	1.641322,0.028207,-0.193172	1.595670,0.028101,-0.348230	1.694787,-0.131969,0.046629	1.686382,-0.191388,0.271372	1.656528,-0.005455,0.426767	1.705975,0.189713,0.053817	1.693879,0.257868,0.275897	1.654772,0.063408,0.418256	12
1.719013,0.023124,0.178299	1.701035,0.028191,0.079977	0.000000,0.000000,0.000000	1.686066,0.028195,0.011527	1.641370,0.028207,-0.192863	1.595767,0.028101,-0.347930	1.694996,-0.132168,0.046523	1.686237,-0.191185,0.271359	1.656397,-0.004641,0.427857	1.705970,0.189993,0.054166	1.693832,0.257721,0.276375	1.654065,0.062331,0.419285	12
1.719032,0.022863,0.178404	1.701035,0.028190,0.080296	0.000000,0.000000,0.000000	1.686078,0.028194,0.011843	1.641418,0.028207,-0.192555	1.595864,0.028101,-0.347630	1.695201,-0.132338,0.046423	1.686054,-0.191192,0.271286	1.656262,-0.003623,0.429111	1.706008,0.190251,0.054555	1.693768,0.257386,0.276937	1.653211,0.060705,0.420642	12
1.719046,0.022588,0.178487	1.701034,0.028190,0.080611	0.000000,0.000000,0.000000	1.686090,0.028194,0.012156	1.641467,0.028207,-0.192251	1.595960,0.028102,-0.347333	1.695389,-0.132484,0.046326	1.685923,-0.191313,0.271182	1.656121,-0.002765,0.430320	1.706069,0.190430,0.054609	1.693723,0.256829,0.277205	1.652445,0.059039,0.421909	12
