joint_position_head	joint_position_neck	joint_position_shoulder	joint_position_spine_top	joint_position_spine_mid	joint_position_spine_bottom	joint_position_left_shoulder	joint_position_left_elbow	joint_position_left_hand	joint_position_right_shoulder	joint_position_right_elbow	joint_position_right_hand	
XYZ order
1.665877,0.039393,0.183641	1.636727,0.033625,0.096125	0.000000,0.000000,0.000000	1.636848,0.029129,0.032512	1.637186,0.016525,-0.145784	1.596899,0.014228,-0.302526	1.642840,-0.093907,0.040342	1.644058,-0.288746,0.088113	1.601251,-0.502759,0.171757	1.642544,0.157191,0.032005	1.683861,0.342797,0.095954	1.677967,0.559703,0.182832	12
1.665804,0.039386,0.183623	1.636780,0.033625,0.096123	0.000000,0.000000,0.000000	1.636881,0.029129,0.032510	1.637167,0.016525,-0.145810	1.596888,0.014229,-0.302389	1.642825,-0.093698,0.040397	1.643551,-0.288516,0.087990	1.600204,-0.502574,0.171271	1.642555,0.157056,0.032212	1.683695,0.342744,0.095831	1.677451,0.560227,0.181251	12
1.665730,0.039380,0.183610	1.636830,0.033625,0.096122	0.000000,0.000000,0.000000	1.636914,0.029130,0.032509	1.637148,0.016526,-0.145832	1.596865,0.014231,-0.302281	1.642813,-0.093536,0.040439	1.642996,-0.288386,0.087879	1.598822,-0.502921,0.170877	1.642553,0.156977,0.032420	1.683501,0.342826,0.095670	1.676677,0.561254,0.179979	12
1.665658,0.039376,0.183599	1.636882,0.033625,0.096120	0.000000,0.000000,0.000000	1.636948,0.029130,0.032507	1.637135,0.016527,-0.145851	1.596851,0.014233,-0.302199	1.642804,-0.093417,0.040467	1.642401,-0.288324,0.087791	1.597037,-0.503738,0.170540	1.642544,0.156940,0.032610	1.683307,0.342980,0.095509	1.675712,0.562722,0.178959	12
1.665584,0.039373,0.183590	1.636932,0.033625,0.096118	0.000000,0.000000,0.000000	1.636983,0.029131,0.032505	1.637125,0.016529,-0.145868	1.596838,0.014235,-0.302137	1.642797,-0.093336,0.040480	1.641749,-0.288298,0.087720	1.594962,-0.504659,0.170079	1.642532,0.156936,0.032776	1.683099,0.343174,0.095328	1.674523,0.564044,0.178565	12
1.665509,0.039371,0.183583	1.636981,0.033625,0.096115	0.000000,0.000000,0.000000	1.637017,0.029132,0.032502	1.637117,0.016531,-0.145883	1.596826,0.014237,-0.302089	1.642791,-0.093287,0.040481	1.641021,-0.288286,0.087651	1.592831,-0.505386,0.169467	1.642520,0.156956,0.032913	1.682875,0.343379,0.095129	1.673069,0.564927,0.178615	12
1.665414,0.039369,0.183584	1.637030,0.033625,0.096114	0.000000,0.000000,0.000000	1.637051,0.029133,0.032501	1.637109,0.016534,-0.145894	1.596814,0.014238,-0.302051	1.642786,-0.093263,0.040475	1.640222,-0.288299,0.087557	1.590805,-0.505926,0.168686	1.642510,0.156989,0.033020	1.682640,0.343594,0.094912	1.671431,0.565502,0.178680	12
1.665279,0.039367,0.183596	1.637079,0.033625,0.096114	0.000000,0.000000,0.000000	1.637085,0.029134,0.032501	1.637101,0.016537,-0.145903	1.596799,0.014239,-0.302021	1.642783,-0.093267,0.040452	1.639440,-0.288345,0.087437	1.588994,-0.506321,0.167764	1.642498,0.157074,0.033158	1.682402,0.343872,0.094707	1.669785,0.565903,0.178694	12
1.665107,0.039366,0.183614	1.637124,0.033625,0.096114	0.000000,0.000000,0.000000	1.637111,0.029135,0.032501	1.637074,0.016540,-0.145911	1.596788,0.014240,-0.302002	1.642780,-0.093304,0.040428	1.638624,-0.288433,0.087306	1.588326,-0.506810,0.166893	1.642488,0.157187,0.033282	1.682166,0.344172,0.094537	1.668234,0.566174,0.178642	12
1.664908,0.039365,0.183642	1.637198,0.033626,0.096115	0.000000,0.000000,0.000000	1.637155,0.029136,0.032501	1.637035,0.016544,-0.145917	1.596779,0.014241,-0.301991	1.642781,-0.093389,0.040388	1.637753,-0.288571,0.087168	1.588214,-0.507333,0.166148	1.642473,0.157392,0.033479	1.682010,0.344526,0.094533	1.666774,0.566434,0.178640	12
1.664665,0.039363,0.183672	1.637262,0.033626,0.096115	0.000000,0.000000,0.000000	1.637192,0.029137,0.032502	1.636994,0.016548,-0.145924	1.596770,0.014242,-0.301983	1.642782,-0.093506,0.040338	1.636865,-0.288758,0.087023	1.588414,-0.507691,0.165979	1.642462,0.157607,0.033620	1.681884,0.344861,0.094608	1.665121,0.566606,0.178645	12
1.664388,0.039361,0.183687	1.637260,0.033626,0.096115	0.000000,0.000000,0.000000	1.637183,0.029139,0.032502	1.636968,0.016553,-0.145929	1.596765,0.014243,-0.301976	1.642780,-0.093656,0.040273	1.636027,-0.288998,0.086891	1.588731,-0.507945,0.166130	1.642450,0.157866,0.033771	1.681782,0.345252,0.094738	1.664357,0.566848,0.178685	12
1.664100,0.039357,0.183692	1.637218,0.033626,0.096115	0.000000,0.000000,0.000000	1.637151,0.029140,0.032502	1.636960,0.016558,-0.145935	1.596761,0.014244,-0.301967	1.642778,-0.093836,0.040195	1.635367,-0.289259,0.086796	1.589018,-0.508153,0.166278	1.642437,0.158154,0.033907	1.681649,0.345672,0.094865	1.664095,0.567138,0.178690	12
1.663814,0.039351,0.183691	1.637158,0.033626,0.096116	0.000000,0.000000,0.000000	1.637106,0.029142,0.032502	1.636959,0.016563,-0.145939	1.596757,0.014245,-0.301959	1.642773,-0.093996,0.040125	1.635078,-0.289496,0.086690	1.589163,-0.508071,0.166380	1.642442,0.158308,0.033825	1.681448,0.345901,0.094938	1.663780,0.566998,0.178833	12
1.663528,0.039345,0.183688	1.637088,0.033626,0.096116	0.000000,0.000000,0.000000	1.637055,0.029143,0.032502	1.636962,0.016568,-0.145942	1.596755,0.014247,-0.301952	1.642766,-0.094122,0.040070	1.634975,-0.289687,0.086542	1.589205,-0.507847,0.166478	1.642453,0.158386,0.033676	1.681195,0.346023,0.094972	1.663759,0.566826,0.178761	12
1.663255,0.039342,0.183682	1.637019,0.033626,0.096116	0.000000,0.000000,0.000000	1.637004,0.029144,0.032502	1.636964,0.016573,-0.145945	1.596754,0.014247,-0.301947	1.642757,-0.094207,0.040033	1.634953,-0.289814,0.086371	1.589189,-0.507588,0.166563	1.642466,0.158402,0.033500	1.680921,0.346053,0.094967	1.663838,0.566670,0.178553	12
1.662985,0.039340,0.183677	1.636949,0.033626,0.096116	0.000000,0.000000,0.000000	1.636954,0.029146,0.032502	1.636966,0.016580,-0.145947	1.596753,0.014249,-0.301943	1.642746,-0.094243,0.040017	1.634907,-0.289870,0.086178	1.589150,-0.507317,0.166632	1.642483,0.158333,0.033280	1.680612,0.345977,0.094910	1.663941,0.566484,0.178266	12
1.662712,0.039340,0.183670	1.636867,0.033626,0.096116	0.000000,0.000000,0.000000	1.636893,0.029149,0.032501	1.636968,0.016589,-0.145949	1.596753,0.014250,-0.301940	1.642732,-0.094254,0.040012	1.634838,-0.289879,0.085954	1.589068,-0.507076,0.166737	1.642491,0.158294,0.033175	1.680309,0.345937,0.094835	1.664020,0.566445,0.177937	12
1.662421,0.039339,0.183663	1.636761,0.033626,0.096116	0.000000,0.000000,0.000000	1.636815,0.029151,0.032501	1.636969,0.016596,-0.145951	1.596751,0.014250,-0.301937	1.642711,-0.094252,0.040012	1.634719,-0.289850,0.085728	1.588942,-0.506912,0.166870	1.642494,0.158264,0.033121	1.679994,0.345904,0.094742	1.664054,0.566546,0.177559	12
1.662121,0.039339,0.183657	1.636644,0.033626,0.096116	0.000000,0.000000,0.000000	1.636730,0.029152,0.032501	1.636970,0.016602,-0.145952	1.596751,0.014251,-0.301935	1.642685,-0.094247,0.040014	1.634580,-0.289816,0.085493	1.588765,-0.506832,0.167042	1.642494,0.158251,0.033108	1.679650,0.345904,0.094643	1.663969,0.566772,0.177205	12
1.661817,0.039339,0.183652	1.636525,0.033626,0.096116	0.000000,0.000000,0.000000	1.636642,0.029154,0.032501	1.636971,0.016607,-0.145952	1.596750,0.014251,-0.301934	1.642653,-0.094244,0.040016	1.634423,-0.289787,0.085276	1.588516,-0.506900,0.167238	1.642487,0.158248,0.033113	1.679283,0.345930,0.094551	1.663784,0.567138,0.176952	12
1.661521,0.039339,0.183648	1.636409,0.033626,0.096116	0.000000,0.000000,0.000000	1.636557,0.029155,0.032501	1.636972,0.016612,-0.145953	1.596750,0.014252,-0.301932	1.642615,-0.094243,0.040016	1.634258,-0.289770,0.085043	1.588192,-0.507065,0.167506	1.642477,0.158250,0.033122	1.678890,0.345971,0.094464	1.663457,0.567597,0.176823	12
1.661230,0.039339,0.183639	1.636279,0.033626,0.096116	0.000000,0.000000,0.000000	1.636461,0.029156,0.032501	1.636973,0.016617,-0.145953	1.596741,0.014252,-0.301929	1.642563,-0.094244,0.040016	1.634083,-0.289760,0.084796	1.587885,-0.507062,0.167704	1.642462,0.158256,0.033134	1.678442,0.346029,0.094377	1.662940,0.567677,0.177198	12
1.660939,0.039339,0.183633	1.636152,0.033626,0.096115	0.000000,0.000000,0.000000	1.636368,0.029157,0.032501	1.636974,0.016621,-0.145953	1.596732,0.014253,-0.301927	1.642509,-0.094247,0.040014	1.633911,-0.289751,0.084565	1.587627,-0.507034,0.167735	1.642448,0.158260,0.033139	1.677973,0.346085,0.094294	1.662339,0.567685,0.177483	12
1.660636,0.039338,0.183622	1.635985,0.033626,0.096115	0.000000,0.000000,0.000000	1.636245,0.029158,0.032501	1.636975,0.016625,-0.145953	1.596725,0.014253,-0.301925	1.642445,-0.094248,0.040014	1.633740,-0.289710,0.084519	1.587397,-0.507052,0.167642	1.642432,0.158258,0.033137	1.677454,0.346157,0.094203	1.661628,0.567678,0.177705	12
1.660338,0.039338,0.183621	1.635859,0.033626,0.096115	0.000000,0.000000,0.000000	1.636152,0.029160,0.032501	1.636976,0.016631,-0.145952	1.596723,0.014254,-0.301924	1.642384,-0.094251,0.040013	1.633568,-0.289661,0.084571	1.587167,-0.507101,0.167490	1.642417,0.158259,0.033138	1.676872,0.346262,0.094099	1.660808,0.567676,0.177921	12
1.660047,0.039339,0.183629	1.635780,0.033626,0.096115	0.000000,0.000000,0.000000	1.636094,0.029161,0.032501	1.636976,0.016636,-0.145952	1.596723,0.014254,-0.301924	1.642327,-0.094256,0.040011	1.633407,-0.289615,0.084682	1.586911,-0.507177,0.167308	1.642401,0.158264,0.033139	1.676288,0.346382,0.093994	1.659827,0.567676,0.178139	12
1.659766,0.039339,0.183639	1.635729,0.033626,0.096115	0.000000,0.000000,0.000000	1.636057,0.029163,0.032501	1.636977,0.016642,-0.145952	1.596724,0.014255,-0.301924	1.642272,-0.094263,0.040007	1.633255,-0.289574,0.084822	1.586596,-0.507281,0.167123	1.642382,0.158272,0.033143	1.675757,0.346511,0.093878	1.658721,0.567693,0.178346	12
1.659482,0.039340,0.183644	1.635666,0.033626,0.096115	0.000000,0.000000,0.000000	1.636011,0.029164,0.032501	1.636977,0.016646,-0.145952	1.596725,0.014255,-0.301924	1.642215,-0.094269,0.040005	1.633057,-0.290707,0.085250	1.585920,-0.508416,0.167488	1.642364,0.158279,0.033144	1.675407,0.347776,0.094117	1.657465,0.568806,0.179001	12
