joint_position_head	joint_position_neck	joint_position_shoulder	joint_position_spine_top	joint_position_spine_mid	joint_position_spine_bottom	joint_position_left_shoulder	joint_position_left_elbow	joint_position_left_hand	joint_position_right_shoulder	joint_position_right_elbow	joint_position_right_hand	
XYZ order
1.617523,-0.017921,0.278559	1.607676,-0.007689,0.180930	0.000000,0.000000,0.000000	1.603712,-0.006078,0.113428	1.592302,-0.001440,-0.080908	1.561090,0.000412,-0.238278	1.596235,-0.144800,0.098707	1.571290,-0.367195,0.080268	1.490806,-0.406485,0.309379	1.610038,0.133930,0.105899	1.612659,0.357991,0.091321	1.538301,0.380840,0.324694	12
1.617374,-0.017712,0.278627	1.607676,-0.007709,0.180958	0.000000,0.000000,0.000000	1.603694,-0.006110,0.113457	1.592254,-0.001517,-0.080517	1.561126,0.000361,-0.238072	1.596785,-0.144604,0.099021	1.571183,-0.366897,0.080254	1.491002,-0.406645,0.309392	1.610023,0.133653,0.106230	1.612656,0.357683,0.091199	1.537996,0.381197,0.324408	12
1.617032,-0.017301,0.277993	1.607676,-0.007715,0.181002	0.000000,0.000000,0.000000	1.603677,-0.006124,0.113502	1.592206,-0.001558,-0.080118	1.561155,0.000334,-0.237899	1.597350,-0.144475,0.099323	1.571073,-0.366662,0.080226	1.491215,-0.406766,0.309415	1.610007,0.133487,0.106584	1.612654,0.357485,0.091077	1.537891,0.381369,0.324216	12
1.616654,-0.016857,0.277510	1.607676,-0.007715,0.181055	0.000000,0.000000,0.000000	1.603656,-0.006129,0.113555	1.592144,-0.001589,-0.079739	1.561176,0.000318,-0.237760	1.597863,-0.144408,0.099613	1.570971,-0.366493,0.080185	1.491433,-0.406845,0.309441	1.609993,0.133387,0.106900	1.612650,0.357361,0.091042	1.537882,0.381427,0.324159	12
1.616316,-0.016458,0.277559	1.607675,-0.007711,0.181112	0.000000,0.000000,0.000000	1.603629,-0.006130,0.113614	1.592059,-0.001609,-0.079400	1.561184,0.000309,-0.237650	1.597963,-0.144374,0.099883	1.570966,-0.366419,0.080132	1.491628,-0.406853,0.309443	1.609976,0.133360,0.107200	1.612646,0.357311,0.091044	1.537904,0.381423,0.324165	12
1.616109,-0.016212,0.278023	1.607675,-0.007707,0.181169	0.000000,0.000000,0.000000	1.603601,-0.006129,0.113673	1.591965,-0.001622,-0.079110	1.561183,0.000304,-0.237565	1.598028,-0.144387,0.100116	1.570962,-0.366399,0.080087	1.491831,-0.406852,0.309466	1.609961,0.133380,0.107458	1.612639,0.357317,0.091096	1.537980,0.381373,0.324249	12
1.616022,-0.016098,0.278691	1.607675,-0.007703,0.181227	0.000000,0.000000,0.000000	1.603573,-0.006122,0.113732	1.591869,-0.001614,-0.078862	1.561177,0.000302,-0.237498	1.598031,-0.144434,0.100309	1.570968,-0.366425,0.080047	1.492041,-0.406836,0.309503	1.609946,0.133447,0.107689	1.612631,0.357372,0.091173	1.538081,0.381300,0.324373	12
1.616028,-0.016082,0.279323	1.607675,-0.007700,0.181266	0.000000,0.000000,0.000000	1.603541,-0.006119,0.113773	1.591755,-0.001613,-0.078671	1.561161,0.000300,-0.237463	1.597996,-0.144424,0.100367	1.570990,-0.366415,0.080038	1.492251,-0.406844,0.309555	1.609935,0.133436,0.107731	1.612620,0.357368,0.091294	1.538192,0.381239,0.324539	12
1.616075,-0.016117,0.279815	1.607675,-0.007698,0.181288	0.000000,0.000000,0.000000	1.603508,-0.006120,0.113798	1.591634,-0.001621,-0.078528	1.561139,0.000298,-0.237450	1.597955,-0.144378,0.100367	1.571018,-0.366377,0.080041	1.492473,-0.406867,0.309614	1.609928,0.133371,0.107679	1.612607,0.357318,0.091450	1.538403,0.381162,0.324769	12
1.616200,-0.016232,0.279938	1.607675,-0.007698,0.181299	0.000000,0.000000,0.000000	1.603476,-0.006122,0.113810	1.591518,-0.001633,-0.078424	1.561114,0.000295,-0.237450	1.597892,-0.144282,0.100309	1.571055,-0.366301,0.080059	1.492696,-0.406901,0.309675	1.609920,0.133273,0.107593	1.612594,0.357237,0.091608	1.538632,0.381089,0.325003	12
1.616359,-0.016382,0.279609	1.607674,-0.007697,0.181304	0.000000,0.000000,0.000000	1.603450,-0.006124,0.113817	1.591422,-0.001643,-0.078347	1.561091,0.000292,-0.237455	1.597829,-0.144213,0.100286	1.571280,-0.366268,0.080060	1.492885,-0.406906,0.309658	1.609916,0.133224,0.107591	1.612592,0.357193,0.091673	1.538937,0.380976,0.325172	12
1.616534,-0.016546,0.278805	1.607674,-0.007697,0.181307	0.000000,0.000000,0.000000	1.603414,-0.006125,0.113822	1.591288,-0.001649,-0.078288	1.561064,0.000291,-0.237466	1.597738,-0.144169,0.100283	1.571600,-0.366272,0.080049	1.493030,-0.406880,0.309592	1.609913,0.133207,0.107625	1.612597,0.357174,0.091680	1.539034,0.380925,0.325211	12
1.616744,-0.016753,0.277458	1.607674,-0.007698,0.181308	0.000000,0.000000,0.000000	1.603364,-0.006127,0.113826	1.591098,-0.001653,-0.078244	1.561032,0.000291,-0.237485	1.597633,-0.144134,0.100290	1.571977,-0.366291,0.080036	1.493005,-0.406828,0.309454	1.609912,0.133172,0.107621	1.612604,0.357136,0.091639	1.538809,0.380983,0.325087	12
1.616977,-0.016986,0.277028	1.607674,-0.007700,0.181308	0.000000,0.000000,0.000000	1.603307,-0.006129,0.113830	1.590879,-0.001655,-0.078213	1.560999,0.000292,-0.237507	1.597521,-0.144105,0.100302	1.572152,-0.366295,0.080037	1.493005,-0.406696,0.309418	1.609910,0.133143,0.107622	1.612616,0.357101,0.091568	1.538211,0.381204,0.324795	12
1.617222,-0.017234,0.277071	1.607673,-0.007703,0.181308	0.000000,0.000000,0.000000	1.603240,-0.006130,0.113834	1.590622,-0.001656,-0.078192	1.560963,0.000294,-0.237533	1.597410,-0.144080,0.100313	1.572240,-0.366293,0.080045	1.493189,-0.406439,0.309504	1.609909,0.133114,0.107618	1.612632,0.357066,0.091470	1.537197,0.381577,0.324321	12
1.617401,-0.017401,0.277320	1.607673,-0.007704,0.181308	0.000000,0.000000,0.000000	1.603170,-0.006132,0.113839	1.590355,-0.001657,-0.078181	1.560927,0.000296,-0.237560	1.597345,-0.144062,0.100324	1.572276,-0.366286,0.080056	1.493269,-0.406208,0.309569	1.609907,0.133089,0.107616	1.612650,0.357031,0.091335	1.536061,0.382087,0.323751	12
1.617533,-0.017516,0.277616	1.607673,-0.007706,0.181307	0.000000,0.000000,0.000000	1.603103,-0.006133,0.113843	1.590096,-0.001657,-0.078178	1.560891,0.000298,-0.237585	1.597141,-0.144038,0.100339	1.572333,-0.366290,0.080064	1.493273,-0.405983,0.309599	1.609905,0.133069,0.107612	1.612667,0.357000,0.091192	1.535733,0.382285,0.323472	12
1.617596,-0.017558,0.277897	1.607673,-0.007706,0.181307	0.000000,0.000000,0.000000	1.603065,-0.006134,0.113845	1.589949,-0.001657,-0.078185	1.560862,0.000300,-0.237599	1.596895,-0.144012,0.100354	1.572392,-0.366299,0.080084	1.493310,-0.405732,0.309656	1.609904,0.133051,0.107609	1.612684,0.356972,0.091056	1.535979,0.382290,0.323409	12
1.617613,-0.017544,0.278134	1.607672,-0.007699,0.181307	0.000000,0.000000,0.000000	1.603048,-0.006128,0.113846	1.589884,-0.001656,-0.078197	1.560832,0.000302,-0.237604	1.596568,-0.143980,0.100374	1.572471,-0.366310,0.080104	1.493361,-0.405476,0.309713	1.609902,0.133047,0.107609	1.612700,0.356958,0.090922	1.536500,0.382122,0.323457	12
1.617609,-0.017506,0.278324	1.607672,-0.007689,0.181307	0.000000,0.000000,0.000000	1.603042,-0.006120,0.113847	1.589863,-0.001656,-0.078210	1.560801,0.000304,-0.237604	1.596459,-0.143960,0.100386	1.572497,-0.366307,0.080133	1.493463,-0.405330,0.309792	1.609901,0.133049,0.107607	1.612709,0.356951,0.090792	1.536818,0.381933,0.323447	12
1.617592,-0.017447,0.278472	1.607671,-0.007675,0.181307	0.000000,0.000000,0.000000	1.603042,-0.006110,0.113847	1.589860,-0.001655,-0.078221	1.560764,0.000306,-0.237602	1.596398,-0.143945,0.100395	1.572514,-0.366302,0.080165	1.493577,-0.405229,0.309873	1.609900,0.133060,0.107606	1.612878,0.356945,0.090594	1.537006,0.381751,0.323274	12
1.617573,-0.017377,0.278588	1.607671,-0.007660,0.181307	0.000000,0.000000,0.000000	1.603042,-0.006099,0.113846	1.589863,-0.001654,-0.078230	1.560723,0.000308,-0.237600	1.596359,-0.143933,0.100402	1.572530,-0.366300,0.080210	1.493800,-0.405092,0.310012	1.609900,0.133075,0.107600	1.612959,0.356939,0.090335	1.537150,0.381741,0.323037	12
1.617546,-0.017298,0.278681	1.607670,-0.007643,0.181307	0.000000,0.000000,0.000000	1.603043,-0.006087,0.113846	1.589868,-0.001654,-0.078238	1.560679,0.000309,-0.237599	1.596352,-0.143926,0.100406	1.572542,-0.366296,0.080227	1.494049,-0.404953,0.310133	1.609899,0.133094,0.107593	1.613012,0.356926,0.089930	1.537312,0.381704,0.322670	12
1.617514,-0.017213,0.278755	1.607669,-0.007628,0.181307	0.000000,0.000000,0.000000	1.603043,-0.006075,0.113846	1.589871,-0.001653,-0.078244	1.560634,0.000310,-0.237597	1.596360,-0.143924,0.100407	1.572554,-0.366288,0.080150	1.493914,-0.405017,0.309993	1.609899,0.133105,0.107558	1.613060,0.356889,0.089315	1.537515,0.381678,0.322103	12
1.617498,-0.017145,0.278813	1.607669,-0.007611,0.181307	0.000000,0.000000,0.000000	1.603045,-0.006063,0.113846	1.589877,-0.001654,-0.078264	1.560588,0.000310,-0.237598	1.596374,-0.143929,0.100404	1.572579,-0.366245,0.079617	1.493308,-0.405331,0.309182	1.609898,0.133095,0.107468	1.613104,0.356816,0.088474	1.537794,0.381660,0.321333	12
1.617745,-0.017157,0.278722	1.607669,-0.007601,0.181204	0.000000,0.000000,0.000000	1.603070,-0.006052,0.113741	1.589977,-0.001640,-0.078342	1.560721,0.000358,-0.237713	1.596455,-0.143139,0.098706	1.572688,-0.365547,0.078926	1.492330,-0.406176,0.307838	1.609984,0.132047,0.105093	1.613124,0.355895,0.087732	1.538080,0.381878,0.320551	12
1.618585,-0.017127,0.277172	1.607669,-0.007596,0.179712	0.000000,0.000000,0.000000	1.603099,-0.006042,0.112247	1.590092,-0.001620,-0.079760	1.560750,0.000414,-0.239137	1.596501,-0.142447,0.095634	1.572792,-0.365037,0.078040	1.492183,-0.406499,0.306719	1.610023,0.131421,0.101951	1.613156,0.355412,0.086586	1.538254,0.382026,0.319380	12
1.619798,-0.017031,0.273477	1.607662,-0.007878,0.176101	0.000000,0.000000,0.000000	1.603105,-0.006242,0.108637	1.590148,-0.001592,-0.083189	1.560522,0.000477,-0.242464	1.596432,-0.143171,0.092335	1.572758,-0.365888,0.076310	1.492667,-0.405795,0.305443	1.610110,0.131460,0.098471	1.613165,0.355580,0.085052	1.538443,0.382201,0.317903	12
1.621239,-0.016973,0.268919	1.607652,-0.008356,0.171667	0.000000,0.000000,0.000000	1.603105,-0.006591,0.104206	1.590181,-0.001576,-0.087568	1.560251,0.000522,-0.246597	1.596347,-0.144296,0.088632	1.572694,-0.367108,0.073889	1.493428,-0.404784,0.303680	1.610217,0.131524,0.094661	1.613168,0.355724,0.082520	1.538782,0.382483,0.315464	12
1.622642,-0.016883,0.264338	1.607638,-0.008920,0.167221	0.000000,0.000000,0.000000	1.603099,-0.007008,0.099763	1.590182,-0.001568,-0.092205	1.559995,0.000551,-0.250913	1.596279,-0.145308,0.084708	1.572715,-0.368155,0.070323	1.494552,-0.403707,0.300831	1.610323,0.131439,0.090857	1.613168,0.355656,0.078947	1.539231,0.382941,0.311974	12
