joint_position_head	joint_position_neck	joint_position_shoulder	joint_position_spine_top	joint_position_spine_mid	joint_position_spine_bottom	joint_position_left_shoulder	joint_position_left_elbow	joint_position_left_hand	joint_position_right_shoulder	joint_position_right_elbow	joint_position_right_hand	
XYZ order
1.697365,0.043698,0.196378	1.665575,0.034046,0.112014	0.000000,0.000000,0.000000	1.659091,0.030146,0.048693	1.640416,0.018914,-0.133677	1.597240,0.015474,-0.290694	1.657783,-0.094255,0.049224	1.670361,-0.300525,0.095201	1.632870,-0.338643,0.310217	1.667087,0.157814,0.040293	1.698561,0.362474,0.084435	1.690960,0.424802,0.296916	12
1.696559,0.043465,0.193693	1.665547,0.034051,0.109268	0.000000,0.000000,0.000000	1.659062,0.030145,0.045947	1.640350,0.018873,-0.136767	1.597100,0.015464,-0.293410	1.657712,-0.095280,0.048117	1.670398,-0.301208,0.095611	1.632675,-0.338662,0.310843	1.667013,0.159087,0.039330	1.698815,0.363516,0.084305	1.691228,0.424198,0.297401	12
1.695873,0.043273,0.191805	1.665508,0.034056,0.106880	0.000000,0.000000,0.000000	1.659007,0.030133,0.043562	1.640207,0.018786,-0.139564	1.596793,0.015440,-0.295846	1.657648,-0.096188,0.047490	1.670394,-0.301874,0.096028	1.632411,-0.338699,0.311638	1.666931,0.160188,0.038752	1.699014,0.364419,0.084418	1.691234,0.423942,0.298153	12
1.695448,0.043162,0.190839	1.665455,0.034060,0.105231	0.000000,0.000000,0.000000	1.658943,0.030120,0.041916	1.640066,0.018700,-0.141619	1.596490,0.015418,-0.297580	1.657597,-0.096853,0.047331	1.670318,-0.302422,0.096378	1.632082,-0.338756,0.312364	1.666842,0.160933,0.038489	1.699143,0.365032,0.084586	1.691098,0.423869,0.298843	12
1.695268,0.043127,0.190641	1.665395,0.034064,0.104356	0.000000,0.000000,0.000000	1.658882,0.030113,0.041041	1.639966,0.018638,-0.142865	1.596285,0.015404,-0.298552	1.657563,-0.097247,0.047479	1.670134,-0.302817,0.096553	1.631744,-0.338756,0.312875	1.666751,0.161317,0.038444	1.699209,0.365354,0.084706	1.690908,0.423876,0.299339	12
1.695240,0.043140,0.190903	1.665326,0.034067,0.104036	0.000000,0.000000,0.000000	1.658786,0.030088,0.040726	1.639787,0.018528,-0.143193	1.596046,0.015387,-0.298815	1.657540,-0.097457,0.047818	1.669883,-0.303096,0.096652	1.631356,-0.338733,0.313237	1.666655,0.161456,0.038535	1.699233,0.365479,0.084768	1.690701,0.423914,0.299655	12
1.695261,0.043172,0.191335	1.665239,0.034071,0.103997	0.000000,0.000000,0.000000	1.658636,0.030038,0.040697	1.639514,0.018359,-0.142592	1.595815,0.015376,-0.298608	1.657523,-0.097567,0.048221	1.669602,-0.303302,0.096708	1.630825,-0.338720,0.313466	1.666553,0.161472,0.038678	1.699238,0.365504,0.084791	1.690442,0.423965,0.299842	12
1.695277,0.043206,0.191772	1.665115,0.034075,0.104065	0.000000,0.000000,0.000000	1.658433,0.029972,0.040778	1.639220,0.018176,-0.141183	1.595613,0.015370,-0.298099	1.657508,-0.097631,0.048614	1.669329,-0.303463,0.096750	1.630187,-0.338719,0.313603	1.666441,0.161438,0.038828	1.699232,0.365486,0.084792	1.690145,0.424012,0.299949	12
1.695262,0.043235,0.192141	1.664948,0.034078,0.104148	0.000000,0.000000,0.000000	1.658248,0.029936,0.040865	1.639141,0.018123,-0.139591	1.595546,0.015372,-0.297477	1.657493,-0.097671,0.048944	1.669028,-0.303587,0.096787	1.629443,-0.338734,0.313675	1.666311,0.161393,0.038957	1.699223,0.365451,0.084788	1.689783,0.424054,0.300007	12
1.695129,0.043259,0.192451	1.664727,0.034080,0.104213	0.000000,0.000000,0.000000	1.658062,0.029922,0.040927	1.639200,0.018155,-0.138168	1.595558,0.015379,-0.296837	1.657477,-0.097712,0.049241	1.668641,-0.303712,0.096810	1.628441,-0.338892,0.314581	1.666139,0.161362,0.039091	1.699185,0.365442,0.084728	1.688434,0.428790,0.299506	12
1.693313,0.042411,0.193146	1.664396,0.034081,0.104254	0.000000,0.000000,0.000000	1.657844,0.029919,0.040957	1.639404,0.018205,-0.137177	1.596007,0.015379,-0.296361	1.656521,-0.097623,0.049410	1.668294,-0.303637,0.096768	1.627528,-0.338882,0.314101	1.663467,0.161164,0.038981	1.699298,0.364763,0.084591	1.688114,0.427166,0.299318	12
1.689673,0.040746,0.194067	1.663906,0.034081,0.104277	0.000000,0.000000,0.000000	1.657544,0.029918,0.040960	1.639689,0.018235,-0.136726	1.596734,0.015363,-0.296042	1.654810,-0.097419,0.049505	1.667955,-0.303390,0.096676	1.626402,-0.338922,0.313657	1.659150,0.160773,0.038775	1.699416,0.363524,0.084356	1.688061,0.424729,0.299273	12
1.685758,0.038121,0.194746	1.663266,0.034080,0.104288	0.000000,0.000000,0.000000	1.657155,0.029924,0.040946	1.640001,0.018256,-0.136867	1.597563,0.015337,-0.295842	1.652659,-0.097119,0.049591	1.667515,-0.303020,0.096547	1.625123,-0.339010,0.313192	1.655712,0.160272,0.038481	1.699368,0.362313,0.084163	1.687769,0.423554,0.298966	12
1.682863,0.035489,0.194963	1.662517,0.034080,0.104292	0.000000,0.000000,0.000000	1.656679,0.029922,0.040925	1.640249,0.018218,-0.137431	1.598438,0.015306,-0.295748	1.650744,-0.096753,0.049622	1.666925,-0.302599,0.096396	1.623569,-0.339140,0.312734	1.653869,0.159766,0.038158	1.699154,0.361422,0.084061	1.687343,0.423034,0.298728	12
1.681067,0.033577,0.194842	1.661675,0.034079,0.104293	0.000000,0.000000,0.000000	1.656109,0.029904,0.040902	1.640393,0.018109,-0.138157	1.599277,0.015271,-0.295734	1.649155,-0.096356,0.049632	1.666141,-0.302177,0.096242	1.621759,-0.339316,0.312332	1.653007,0.159267,0.037864	1.698818,0.360758,0.084016	1.686822,0.422859,0.298596	12
1.680084,0.032513,0.194557	1.660793,0.034078,0.104293	0.000000,0.000000,0.000000	1.655491,0.029874,0.040881	1.640464,0.017956,-0.138866	1.600066,0.015243,-0.295756	1.648592,-0.096037,0.049620	1.665095,-0.301915,0.096155	1.619715,-0.339482,0.312101	1.653037,0.158909,0.037763	1.698403,0.360468,0.084051	1.686214,0.422846,0.298676	12
1.679609,0.032055,0.194226	1.659913,0.034078,0.104292	0.000000,0.000000,0.000000	1.654861,0.029849,0.040862	1.640497,0.017825,-0.139483	1.600781,0.015225,-0.295786	1.648601,-0.095808,0.049662	1.663890,-0.301796,0.096110	1.617677,-0.339618,0.312004	1.653449,0.158663,0.037811	1.697921,0.360411,0.084126	1.685535,0.422912,0.298873	12
1.679407,0.031916,0.193909	1.659042,0.034078,0.104292	0.000000,0.000000,0.000000	1.654235,0.029828,0.040843	1.640533,0.017716,-0.139989	1.601442,0.015213,-0.295814	1.648841,-0.095630,0.049736	1.662600,-0.301746,0.096084	1.616226,-0.339780,0.312094	1.653952,0.158462,0.037905	1.697379,0.360434,0.084219	1.684708,0.422988,0.299122	12
1.679333,0.031918,0.193631	1.658178,0.034078,0.104291	0.000000,0.000000,0.000000	1.653609,0.029805,0.040827	1.640558,0.017606,-0.140389	1.601889,0.015204,-0.295805	1.649018,-0.095478,0.049832	1.661248,-0.301717,0.096063	1.615196,-0.339949,0.312308	1.653961,0.158273,0.038015	1.696780,0.360380,0.084310	1.683822,0.423073,0.299358	12
1.679308,0.031964,0.193400	1.657333,0.034078,0.104291	0.000000,0.000000,0.000000	1.653000,0.029783,0.040812	1.640611,0.017502,-0.140706	1.602137,0.015198,-0.295762	1.649401,-0.095350,0.049928	1.659741,-0.301717,0.096046	1.614709,-0.340205,0.312670	1.653742,0.158077,0.038095	1.696129,0.360270,0.084409	1.682772,0.423159,0.299589	12
1.679294,0.032012,0.193209	1.656487,0.034078,0.104291	0.000000,0.000000,0.000000	1.652399,0.029758,0.040797	1.640696,0.017392,-0.140956	1.602258,0.015194,-0.295706	1.649501,-0.095217,0.050037	1.658040,-0.301700,0.096018	1.614634,-0.340533,0.313134	1.653309,0.157875,0.038154	1.695464,0.360105,0.084517	1.681604,0.423252,0.299817	12
1.679279,0.032049,0.193055	1.655650,0.034078,0.104291	0.000000,0.000000,0.000000	1.651807,0.029732,0.040783	1.640796,0.017284,-0.141154	1.602309,0.015191,-0.295651	1.649432,-0.095081,0.050150	1.656335,-0.301661,0.095980	1.614532,-0.340879,0.313573	1.653104,0.157677,0.038195	1.694785,0.359985,0.084646	1.680344,0.423336,0.300082	12
1.679260,0.032075,0.192933	1.654837,0.034077,0.104291	0.000000,0.000000,0.000000	1.651233,0.029706,0.040771	1.640898,0.017176,-0.141312	1.602329,0.015187,-0.295606	1.649384,-0.094965,0.050275	1.654473,-0.301634,0.095942	1.614456,-0.341192,0.314006	1.653044,0.157522,0.038280	1.694191,0.359939,0.084728	1.679077,0.423380,0.300290	12
1.679238,0.032094,0.192836	1.654042,0.034077,0.104291	0.000000,0.000000,0.000000	1.650684,0.029676,0.040760	1.641053,0.017052,-0.141438	1.602344,0.015180,-0.295565	1.649341,-0.094867,0.050413	1.653337,-0.301602,0.095900	1.614224,-0.341515,0.314198	1.653026,0.157371,0.038347	1.693574,0.359915,0.084770	1.677924,0.423450,0.300397	12
1.679215,0.032106,0.192760	1.653269,0.034077,0.104291	0.000000,0.000000,0.000000	1.650159,0.029643,0.040749	1.641239,0.016922,-0.141539	1.602355,0.015173,-0.295528	1.649302,-0.094760,0.050509	1.652197,-0.301545,0.095856	1.613891,-0.341844,0.314291	1.653036,0.157226,0.038403	1.693365,0.359827,0.084769	1.677328,0.423523,0.300384	12
1.679193,0.032116,0.192703	1.652527,0.034077,0.104291	0.000000,0.000000,0.000000	1.649662,0.029611,0.040740	1.641442,0.016794,-0.141620	1.602364,0.015166,-0.295498	1.649269,-0.094654,0.050582	1.651728,-0.301471,0.095811	1.613732,-0.341969,0.314306	1.653056,0.157095,0.038465	1.693385,0.359717,0.084738	1.677302,0.423534,0.300356	12
1.679172,0.032127,0.192655	1.651793,0.034077,0.104291	0.000000,0.000000,0.000000	1.649156,0.029587,0.040732	1.641586,0.016700,-0.141685	1.602368,0.015158,-0.295488	1.649235,-0.094554,0.050640	1.651555,-0.301392,0.095776	1.613272,-0.341989,0.314249	1.653077,0.156976,0.038527	1.693492,0.359606,0.084693	1.677586,0.423523,0.300343	12
1.679160,0.032160,0.192640	1.651170,0.034077,0.104291	0.000000,0.000000,0.000000	1.648712,0.029573,0.040725	1.641657,0.016643,-0.141734	1.602366,0.015150,-0.295492	1.649206,-0.094459,0.050685	1.651502,-0.301312,0.095749	1.612725,-0.341958,0.314155	1.653096,0.156870,0.038587	1.693495,0.359526,0.084651	1.678066,0.423542,0.300336	12
1.679162,0.032215,0.192667	1.650726,0.034077,0.104291	0.000000,0.000000,0.000000	1.648390,0.029565,0.040721	1.641681,0.016613,-0.141769	1.602360,0.015145,-0.295502	1.649183,-0.094370,0.050722	1.651487,-0.301234,0.095730	1.611901,-0.341893,0.313993	1.653111,0.156776,0.038642	1.693430,0.359468,0.084617	1.678612,0.423574,0.300324	12
