joint_position_head	joint_position_neck	joint_position_shoulder	joint_position_spine_top	joint_position_spine_mid	joint_position_spine_bottom	joint_position_left_shoulder	joint_position_left_elbow	joint_position_left_hand	joint_position_right_shoulder	joint_position_right_elbow	joint_position_right_hand	
XYZ order
1.802760,0.041433,0.217225	1.774392,0.038515,0.111826	0.000000,0.000000,0.000000	1.752796,0.036459,0.043528	1.687066,0.030201,-0.164366	1.592656,0.024857,-0.311294	1.772944,-0.110009,0.047278	1.827673,-0.329886,0.118054	1.820253,-0.359228,0.371746	1.763341,0.184107,0.041761	1.813099,0.408811,0.099933	1.817792,0.485961,0.343456	12
1.802982,0.041275,0.218501	1.774120,0.038654,0.112629	0.000000,0.000000,0.000000	1.752571,0.036571,0.044317	1.686774,0.030213,-0.164268	1.592840,0.024891,-0.311568	1.772945,-0.109823,0.047405	1.827601,-0.329578,0.118987	1.819966,-0.359630,0.373696	1.763348,0.184091,0.041672	1.812821,0.408934,0.100002	1.817633,0.486244,0.344623	12
1.803192,0.041113,0.219158	1.773846,0.038697,0.112998	0.000000,0.000000,0.000000	1.752274,0.036608,0.044694	1.686205,0.030208,-0.164501	1.592696,0.024901,-0.312046	1.772925,-0.109777,0.047190	1.827552,-0.329341,0.119660	1.819660,-0.359937,0.375172	1.763345,0.184077,0.041353	1.812519,0.409020,0.099903	1.817743,0.486442,0.345389	12
1.803354,0.040950,0.219447	1.773572,0.038687,0.113132	0.000000,0.000000,0.000000	1.751941,0.036601,0.044846	1.685510,0.030195,-0.164865	1.592404,0.024896,-0.312569	1.772910,-0.109880,0.046983	1.827528,-0.329186,0.120457	1.819506,-0.360178,0.376597	1.763292,0.184027,0.040875	1.812197,0.409019,0.099731	1.817902,0.486587,0.345867	12
1.803472,0.040788,0.219530	1.773290,0.038664,0.113154	0.000000,0.000000,0.000000	1.751586,0.036584,0.044892	1.684770,0.030180,-0.165251	1.592072,0.024885,-0.313063	1.772899,-0.110034,0.046792	1.827548,-0.329197,0.120837	1.819425,-0.360230,0.377495	1.763219,0.183982,0.040369	1.811846,0.408978,0.099648	1.818079,0.486726,0.346263	12
1.803554,0.040631,0.219507	1.773003,0.038644,0.113137	0.000000,0.000000,0.000000	1.751237,0.036568,0.044894	1.684091,0.030165,-0.165625	1.591767,0.024876,-0.313493	1.772891,-0.110198,0.046637	1.827588,-0.329311,0.120926	1.819354,-0.360219,0.378005	1.763132,0.183939,0.039864	1.811514,0.408911,0.099595	1.818233,0.486846,0.346563	12
1.803609,0.040468,0.219432	1.772712,0.038628,0.113112	0.000000,0.000000,0.000000	1.750936,0.036556,0.044871	1.683647,0.030150,-0.166003	1.591540,0.024870,-0.313839	1.772884,-0.110422,0.046601	1.827662,-0.329542,0.120914	1.819278,-0.360140,0.378345	1.763034,0.183985,0.039504	1.811196,0.408945,0.099587	1.818356,0.486941,0.346857	12
1.803648,0.040299,0.219328	1.772416,0.038617,0.113091	0.000000,0.000000,0.000000	1.750660,0.036546,0.044844	1.683336,0.030137,-0.166348	1.591366,0.024867,-0.314126	1.772878,-0.110683,0.046621	1.827754,-0.329814,0.120916	1.819191,-0.360039,0.378637	1.762930,0.184076,0.039191	1.810911,0.409012,0.099610	1.818450,0.487017,0.347129	12
1.803676,0.040138,0.219209	1.772123,0.038610,0.113077	0.000000,0.000000,0.000000	1.750412,0.036540,0.044816	1.683147,0.030125,-0.166660	1.591242,0.024865,-0.314368	1.772874,-0.110897,0.046566	1.827819,-0.329980,0.121014	1.819101,-0.360000,0.378954	1.762843,0.184229,0.039010	1.810607,0.409170,0.099666	1.818544,0.487075,0.347413	12
1.803697,0.039977,0.219078	1.771834,0.038607,0.113069	0.000000,0.000000,0.000000	1.750179,0.036536,0.044791	1.683028,0.030114,-0.166931	1.591149,0.024865,-0.314582	1.772869,-0.111084,0.046501	1.827868,-0.330096,0.121171	1.819000,-0.359987,0.379281	1.762761,0.184402,0.038898	1.810266,0.409367,0.099736	1.818647,0.487117,0.347682	12
1.803712,0.039780,0.218940	1.771545,0.038605,0.113065	0.000000,0.000000,0.000000	1.749951,0.036534,0.044767	1.682944,0.030105,-0.167165	1.591074,0.024865,-0.314777	1.772866,-0.111250,0.046438	1.827914,-0.330211,0.121265	1.818881,-0.359959,0.379514	1.762689,0.184573,0.038818	1.809936,0.409564,0.099810	1.818742,0.487147,0.347927	12
1.803723,0.039561,0.218794	1.771255,0.038604,0.113064	0.000000,0.000000,0.000000	1.749725,0.036532,0.044746	1.682876,0.030097,-0.167366	1.591007,0.024911,-0.314961	1.772862,-0.111399,0.046380	1.827968,-0.330320,0.121315	1.818756,-0.359912,0.379677	1.762619,0.184733,0.038753	1.809579,0.409757,0.099887	1.818840,0.487159,0.348151	12
1.803734,0.039345,0.218640	1.770970,0.038604,0.113063	0.000000,0.000000,0.000000	1.749501,0.036530,0.044726	1.682817,0.030089,-0.167539	1.590944,0.024980,-0.315134	1.772859,-0.111530,0.046324	1.828032,-0.330417,0.121335	1.818597,-0.359860,0.379789	1.762558,0.184881,0.038699	1.809233,0.409937,0.099964	1.818933,0.487157,0.348353	12
1.803742,0.039208,0.218484	1.770696,0.038603,0.113063	0.000000,0.000000,0.000000	1.749287,0.036529,0.044707	1.682765,0.030082,-0.167687	1.590892,0.025069,-0.315302	1.772857,-0.111645,0.046272	1.828074,-0.330501,0.121364	1.818431,-0.359821,0.379890	1.762452,0.185034,0.038696	1.809113,0.410080,0.100040	1.818967,0.487156,0.348536	12
1.803750,0.039113,0.218321	1.770419,0.038603,0.113063	0.000000,0.000000,0.000000	1.749069,0.036527,0.044689	1.682715,0.030076,-0.167820	1.590844,0.025136,-0.315470	1.772854,-0.111749,0.046226	1.828110,-0.330576,0.121392	1.818274,-0.359773,0.379976	1.762289,0.185145,0.038643	1.809109,0.410132,0.100098	1.818970,0.487160,0.348664	12
1.803756,0.039040,0.218151	1.770134,0.038603,0.113063	0.000000,0.000000,0.000000	1.748845,0.036526,0.044670	1.682666,0.030070,-0.167941	1.590797,0.025169,-0.315639	1.772852,-0.111841,0.046186	1.828144,-0.330641,0.121416	1.818083,-0.359725,0.380047	1.762089,0.185225,0.038561	1.809167,0.410128,0.100146	1.818954,0.487159,0.348757	12
1.803762,0.038974,0.217978	1.769846,0.038603,0.113064	0.000000,0.000000,0.000000	1.748618,0.036525,0.044651	1.682618,0.030063,-0.168052	1.590750,0.025184,-0.315808	1.772849,-0.111924,0.046150	1.828176,-0.330699,0.121437	1.817862,-0.359680,0.380103	1.761885,0.185290,0.038469	1.809210,0.410107,0.100190	1.818941,0.487152,0.348834	12
1.803772,0.038914,0.217796	1.769561,0.038603,0.113064	0.000000,0.000000,0.000000	1.748394,0.036523,0.044633	1.682572,0.030057,-0.168154	1.590707,0.025186,-0.315977	1.772847,-0.111998,0.046118	1.828215,-0.330748,0.121459	1.817656,-0.359599,0.380156	1.761697,0.185342,0.038371	1.809249,0.410078,0.100222	1.818931,0.487143,0.348890	12
1.803787,0.038842,0.217604	1.769282,0.038603,0.113064	0.000000,0.000000,0.000000	1.748173,0.036522,0.044615	1.682528,0.030052,-0.168249	1.590665,0.025182,-0.316147	1.772845,-0.112065,0.046089	1.828239,-0.330793,0.121480	1.817455,-0.359541,0.380201	1.761505,0.185385,0.038274	1.809284,0.410041,0.100252	1.818914,0.487065,0.348957	12
1.803807,0.038793,0.217391	1.769000,0.038603,0.113061	0.000000,0.000000,0.000000	1.747952,0.036521,0.044593	1.682488,0.030046,-0.168348	1.590626,0.025177,-0.316325	1.772843,-0.112125,0.046062	1.828259,-0.330837,0.121488	1.817224,-0.359492,0.380226	1.761217,0.185419,0.038182	1.809308,0.409980,0.100270	1.818900,0.486967,0.349005	12
1.803823,0.038765,0.217148	1.768719,0.038602,0.113039	0.000000,0.000000,0.000000	1.747734,0.036520,0.044552	1.682460,0.030042,-0.168482	1.590587,0.025172,-0.316523	1.772839,-0.112185,0.046034	1.828279,-0.330886,0.121480	1.816999,-0.359436,0.380234	1.760893,0.185449,0.038086	1.809333,0.409904,0.100291	1.818882,0.486845,0.349057	12
1.803836,0.038753,0.216891	1.768450,0.038602,0.113006	0.000000,0.000000,0.000000	1.747529,0.036519,0.044499	1.682438,0.030038,-0.168646	1.590547,0.025168,-0.316730	1.772837,-0.112242,0.046008	1.828310,-0.330933,0.121465	1.816774,-0.359379,0.380229	1.760578,0.185496,0.038024	1.809368,0.409849,0.100325	1.818864,0.486710,0.349130	12
1.803844,0.038749,0.216625	1.768176,0.038602,0.112969	0.000000,0.000000,0.000000	1.747321,0.036519,0.044442	1.682415,0.030034,-0.168836	1.590504,0.025165,-0.316946	1.772833,-0.112295,0.045984	1.828372,-0.330972,0.121433	1.816517,-0.359305,0.380205	1.760298,0.185551,0.037985	1.809405,0.409814,0.100363	1.818847,0.486580,0.349209	12
1.803850,0.038748,0.216354	1.767901,0.038602,0.112928	0.000000,0.000000,0.000000	1.747113,0.036518,0.044381	1.682388,0.030030,-0.169048	1.590459,0.025161,-0.317167	1.772830,-0.112343,0.045961	1.828450,-0.331008,0.121389	1.816272,-0.359211,0.380167	1.760058,0.185607,0.037953	1.809452,0.409786,0.100413	1.818842,0.486541,0.349270	12
1.803854,0.038749,0.216081	1.767631,0.038602,0.112885	0.000000,0.000000,0.000000	1.746909,0.036518,0.044318	1.682358,0.030025,-0.169273	1.590411,0.025158,-0.317391	1.772826,-0.112387,0.045941	1.828527,-0.331044,0.121332	1.816039,-0.359101,0.380117	1.760126,0.185672,0.037919	1.809513,0.409823,0.100487	1.818842,0.486541,0.349364	12
1.803860,0.038748,0.215817	1.767395,0.038602,0.112843	0.000000,0.000000,0.000000	1.746731,0.036517,0.044258	1.682328,0.030020,-0.169498	1.590366,0.025155,-0.317607	1.772821,-0.112427,0.045922	1.828618,-0.331095,0.121211	1.815828,-0.358957,0.380007	1.760389,0.185739,0.037884	1.809580,0.409901,0.100569	1.818842,0.486558,0.349472	12
1.803864,0.038748,0.215552	1.767161,0.038602,0.112800	0.000000,0.000000,0.000000	1.746556,0.036517,0.044197	1.682300,0.030015,-0.169736	1.590323,0.025152,-0.317823	1.772815,-0.112463,0.045906	1.828726,-0.331201,0.120907	1.815419,-0.358756,0.379713	1.760512,0.185796,0.037854	1.809619,0.409958,0.100606	1.818841,0.486572,0.349528	12
1.803872,0.038747,0.215286	1.766935,0.038602,0.112755	0.000000,0.000000,0.000000	1.746388,0.036517,0.044136	1.682271,0.030010,-0.169982	1.590279,0.025150,-0.318038	1.772811,-0.112495,0.045891	1.828863,-0.331321,0.120531	1.815000,-0.358531,0.379347	1.760574,0.185846,0.037827	1.809650,0.410002,0.100627	1.818842,0.486588,0.349561	12
1.803882,0.038746,0.215024	1.766743,0.038602,0.112710	0.000000,0.000000,0.000000	1.746248,0.036516,0.044075	1.682250,0.030005,-0.170235	1.590245,0.025147,-0.318248	1.772806,-0.112526,0.045876	1.829018,-0.331462,0.120072	1.814395,-0.358287,0.378888	1.760603,0.185891,0.037802	1.809683,0.410036,0.100639	1.818842,0.486603,0.349583	12
