joint_position_head	joint_position_neck	joint_position_shoulder	joint_position_spine_top	joint_position_spine_mid	joint_position_spine_bottom	joint_position_left_shoulder	joint_position_left_elbow	joint_position_left_hand	joint_position_right_shoulder	joint_position_right_elbow	joint_position_right_hand	
XYZ order
1.795297,0.044614,0.259774	1.756424,0.045198,0.154159	0.000000,0.000000,0.000000	1.738222,0.042569,0.085373	1.680651,0.034257,-0.132187	1.589386,0.031807,-0.279766	1.761171,-0.102803,0.090784	1.831706,-0.315236,0.170929	1.833717,-0.347970,0.420344	1.755383,0.190822,0.085344	1.817881,0.404165,0.169637	1.844122,0.476375,0.409177	12
1.795376,0.044594,0.259947	1.756418,0.045174,0.154175	0.000000,0.000000,0.000000	1.738232,0.042550,0.085384	1.680772,0.034261,-0.131981	1.589045,0.031816,-0.278917	1.761157,-0.102822,0.091105	1.831619,-0.315383,0.171274	1.833570,-0.347821,0.420965	1.755383,0.190627,0.085288	1.817533,0.404153,0.169655	1.842977,0.476456,0.409501	12
1.795429,0.044574,0.260084	1.756410,0.045150,0.154186	0.000000,0.000000,0.000000	1.738229,0.042532,0.085394	1.680826,0.034265,-0.131806	1.588816,0.031820,-0.278324	1.761144,-0.102852,0.091411	1.831390,-0.315518,0.171630	1.833398,-0.347777,0.422292	1.755385,0.190528,0.085396	1.817250,0.404212,0.169702	1.841802,0.476737,0.410561	12
1.795471,0.044555,0.260186	1.756402,0.045128,0.154192	0.000000,0.000000,0.000000	1.738220,0.042515,0.085400	1.680850,0.034268,-0.131665	1.588714,0.031822,-0.277932	1.761138,-0.102877,0.091591	1.831150,-0.315557,0.171792	1.833153,-0.347861,0.423575	1.755388,0.190540,0.085627	1.816934,0.404316,0.169763	1.840608,0.477067,0.411814	12
1.795497,0.044542,0.260271	1.756398,0.045117,0.154195	0.000000,0.000000,0.000000	1.738215,0.042506,0.085403	1.680868,0.034271,-0.131554	1.588713,0.031824,-0.277675	1.761139,-0.102933,0.091727	1.830895,-0.315545,0.171844	1.832885,-0.347982,0.424659	1.755393,0.190642,0.085897	1.816863,0.404351,0.169793	1.839301,0.477402,0.412962	12
1.795513,0.044536,0.260344	1.756396,0.045114,0.154197	0.000000,0.000000,0.000000	1.738212,0.042503,0.085405	1.680885,0.034274,-0.131467	1.588768,0.031827,-0.277506	1.761143,-0.103025,0.091826	1.830551,-0.315509,0.171863	1.832606,-0.348074,0.425541	1.755399,0.190816,0.086172	1.816910,0.404351,0.169790	1.838938,0.477675,0.413830	12
1.795524,0.044532,0.260410	1.756395,0.045115,0.154197	0.000000,0.000000,0.000000	1.738211,0.042504,0.085406	1.680901,0.034276,-0.131397	1.588840,0.031829,-0.277390	1.761150,-0.103157,0.091900	1.830155,-0.315461,0.171858	1.832247,-0.348133,0.426222	1.755404,0.191040,0.086428	1.817022,0.404309,0.169784	1.839089,0.477882,0.414473	12
1.795532,0.044531,0.260470	1.756395,0.045118,0.154198	0.000000,0.000000,0.000000	1.738210,0.042506,0.085407	1.680913,0.034279,-0.131343	1.588912,0.031831,-0.277311	1.761157,-0.103319,0.091942	1.829638,-0.315472,0.171850	1.831861,-0.347985,0.425329	1.755408,0.191279,0.086612	1.817109,0.404277,0.169730	1.839349,0.477603,0.413539	12
1.795539,0.044531,0.260524	1.756395,0.045121,0.154198	0.000000,0.000000,0.000000	1.738210,0.042509,0.085407	1.680924,0.034280,-0.131299	1.588974,0.031833,-0.277258	1.761164,-0.103456,0.091815	1.829031,-0.315386,0.171867	1.831475,-0.347799,0.423834	1.755411,0.191556,0.086779	1.817236,0.404222,0.169721	1.839587,0.477164,0.412052	12
1.795533,0.044531,0.260588	1.756395,0.045124,0.154198	0.000000,0.000000,0.000000	1.738210,0.042512,0.085407	1.680932,0.034282,-0.131264	1.589024,0.031834,-0.277220	1.761172,-0.103613,0.091704	1.828179,-0.315376,0.171898	1.831185,-0.347594,0.422289	1.755413,0.191834,0.086916	1.817350,0.404135,0.169722	1.839988,0.476704,0.410480	12
1.795520,0.044531,0.260664	1.756396,0.045128,0.154198	0.000000,0.000000,0.000000	1.738211,0.042514,0.085407	1.680939,0.034283,-0.131236	1.589064,0.031835,-0.277198	1.761179,-0.103767,0.091612	1.827205,-0.315454,0.171952	1.830879,-0.347391,0.420943	1.755413,0.192032,0.086909	1.817449,0.403980,0.169707	1.840189,0.476301,0.409045	12
1.795505,0.044532,0.260753	1.756396,0.045131,0.154198	0.000000,0.000000,0.000000	1.738211,0.042517,0.085408	1.680945,0.034284,-0.131214	1.589102,0.031836,-0.277194	1.761186,-0.103915,0.091565	1.826143,-0.315623,0.172034	1.830546,-0.347191,0.419871	1.755413,0.192189,0.086866	1.817560,0.403820,0.169721	1.840300,0.475978,0.407871	12
1.795491,0.044532,0.260853	1.756397,0.045134,0.154199	0.000000,0.000000,0.000000	1.738211,0.042519,0.085408	1.680950,0.034285,-0.131196	1.589133,0.031837,-0.277204	1.761193,-0.104045,0.091544	1.825690,-0.315678,0.172067	1.830018,-0.347048,0.418971	1.755412,0.192311,0.086808	1.817682,0.403673,0.169754	1.840251,0.475731,0.406952	12
1.795481,0.044533,0.260959	1.756397,0.045137,0.154199	0.000000,0.000000,0.000000	1.738211,0.042522,0.085408	1.680951,0.034285,-0.131181	1.589117,0.031838,-0.277212	1.761199,-0.104160,0.091548	1.825491,-0.315762,0.171950	1.829435,-0.346904,0.418112	1.755412,0.192406,0.086752	1.817815,0.403540,0.169826	1.840086,0.475548,0.406259	12
1.795079,0.044539,0.260017	1.756397,0.045140,0.154199	0.000000,0.000000,0.000000	1.738210,0.042523,0.085409	1.680950,0.034284,-0.131169	1.589060,0.031839,-0.277215	1.761205,-0.104262,0.091578	1.825422,-0.315878,0.171711	1.828787,-0.346756,0.417300	1.755412,0.192478,0.086703	1.817848,0.403454,0.169871	1.839906,0.475395,0.405704	12
1.794557,0.044547,0.258704	1.756398,0.045141,0.154199	0.000000,0.000000,0.000000	1.738209,0.042523,0.085409	1.680948,0.034282,-0.131159	1.588978,0.031840,-0.277219	1.761208,-0.104337,0.091578	1.825399,-0.315993,0.171395	1.828522,-0.346612,0.416531	1.755412,0.192537,0.086659	1.817816,0.403412,0.169888	1.839728,0.475268,0.405250	12
1.794052,0.044555,0.257389	1.756398,0.045142,0.154199	0.000000,0.000000,0.000000	1.738208,0.042524,0.085410	1.680944,0.034281,-0.131151	1.588878,0.031840,-0.277226	1.761211,-0.104394,0.091558	1.825402,-0.316125,0.170994	1.828484,-0.346463,0.415774	1.755412,0.192588,0.086623	1.817757,0.403397,0.169890	1.839652,0.475181,0.404868	12
1.793616,0.044562,0.256237	1.756398,0.045142,0.154200	0.000000,0.000000,0.000000	1.738200,0.042524,0.085412	1.680911,0.034281,-0.131140	1.588761,0.031840,-0.277244	1.761212,-0.104441,0.091530	1.825473,-0.316225,0.170616	1.828552,-0.346339,0.415112	1.755412,0.192631,0.086586	1.817702,0.403380,0.169901	1.839666,0.475124,0.404560	12
1.793274,0.044567,0.255289	1.756397,0.045142,0.154200	0.000000,0.000000,0.000000	1.738189,0.042524,0.085415	1.680864,0.034280,-0.131130	1.588639,0.031840,-0.277270	1.761214,-0.104480,0.091498	1.825563,-0.316300,0.170277	1.828687,-0.346244,0.414553	1.755411,0.192668,0.086550	1.817633,0.403364,0.169919	1.839725,0.475093,0.404321	12
1.793016,0.044571,0.254534	1.756397,0.045142,0.154200	0.000000,0.000000,0.000000	1.738176,0.042524,0.085419	1.680809,0.034279,-0.131121	1.588514,0.031840,-0.277304	1.761215,-0.104515,0.091468	1.825608,-0.316237,0.170350	1.828883,-0.346267,0.414425	1.755411,0.192701,0.086515	1.817606,0.403335,0.169943	1.839798,0.475084,0.404132	12
1.792824,0.044574,0.253942	1.756397,0.045142,0.154200	0.000000,0.000000,0.000000	1.738162,0.042523,0.085422	1.680749,0.034278,-0.131115	1.588385,0.031840,-0.277344	1.761216,-0.104546,0.091440	1.825583,-0.316162,0.170557	1.829164,-0.346322,0.414457	1.755410,0.192729,0.086480	1.817593,0.403319,0.169959	1.839898,0.475123,0.403960	12
1.793064,0.044571,0.254526	1.756397,0.045142,0.154200	0.000000,0.000000,0.000000	1.738146,0.042523,0.085426	1.680683,0.034277,-0.131110	1.588253,0.031840,-0.277389	1.761217,-0.104575,0.091412	1.825566,-0.316182,0.170531	1.829472,-0.346326,0.414295	1.755410,0.192754,0.086448	1.817588,0.403317,0.169965	1.840029,0.475130,0.403812	12
1.793469,0.044565,0.255556	1.756397,0.045142,0.154200	0.000000,0.000000,0.000000	1.738129,0.042523,0.085431	1.680607,0.034276,-0.131106	1.588115,0.031840,-0.277438	1.761218,-0.104600,0.091385	1.825489,-0.316317,0.170264	1.829839,-0.346278,0.413913	1.755409,0.192778,0.086417	1.817590,0.403326,0.169965	1.840179,0.475145,0.403660	12
1.793893,0.044558,0.256635	1.756397,0.045142,0.154200	0.000000,0.000000,0.000000	1.738072,0.042523,0.085446	1.680363,0.034276,-0.131074	1.587796,0.031840,-0.277455	1.761218,-0.104622,0.091358	1.825446,-0.316472,0.169945	1.830234,-0.346237,0.413476	1.755409,0.192795,0.086381	1.817595,0.403338,0.169961	1.840328,0.475163,0.403500	12
1.794272,0.044552,0.257578	1.756397,0.045142,0.154198	0.000000,0.000000,0.000000	1.737987,0.042524,0.085467	1.679994,0.034277,-0.131033	1.587341,0.031841,-0.277461	1.761219,-0.104642,0.091330	1.825461,-0.316600,0.169668	1.830626,-0.346256,0.413060	1.755408,0.192809,0.086342	1.817604,0.403357,0.169955	1.840472,0.475183,0.403331	12
1.794582,0.044547,0.258335	1.756397,0.045142,0.154195	0.000000,0.000000,0.000000	1.737892,0.042525,0.085490	1.679582,0.034277,-0.131003	1.586836,0.031842,-0.277476	1.761220,-0.104660,0.091301	1.825475,-0.316735,0.169384	1.831072,-0.346508,0.414187	1.755408,0.192821,0.086300	1.817617,0.403381,0.169942	1.840849,0.475700,0.404626	12
1.794829,0.044543,0.258910	1.756397,0.045142,0.154192	0.000000,0.000000,0.000000	1.737793,0.042526,0.085513	1.679148,0.034278,-0.130985	1.586299,0.031842,-0.277503	1.761220,-0.104677,0.091274	1.825496,-0.316916,0.168980	1.831543,-0.346800,0.415746	1.755407,0.192828,0.086253	1.817636,0.403412,0.169904	1.841378,0.476455,0.406385	12
1.795020,0.044540,0.259335	1.756397,0.045142,0.154188	0.000000,0.000000,0.000000	1.737694,0.042527,0.085536	1.678706,0.034278,-0.130980	1.585761,0.031842,-0.277543	1.761221,-0.104691,0.091247	1.825540,-0.317142,0.168446	1.831793,-0.347077,0.417180	1.755407,0.192830,0.086199	1.817667,0.403445,0.169848	1.841970,0.477235,0.408108	12
1.795172,0.044538,0.259635	1.756397,0.045142,0.154183	0.000000,0.000000,0.000000	1.737594,0.042528,0.085558	1.678260,0.034278,-0.130988	1.585220,0.031842,-0.277591	1.761221,-0.104705,0.091219	1.825592,-0.317383,0.167861	1.832045,-0.347329,0.418320	1.755406,0.192824,0.086131	1.817710,0.403493,0.169717	1.842585,0.477945,0.409521	12
1.795291,0.044536,0.259840	1.756397,0.045142,0.154177	0.000000,0.000000,0.000000	1.737500,0.042529,0.085578	1.677834,0.034277,-0.131008	1.584786,0.031841,-0.277686	1.761221,-0.104717,0.091191	1.825649,-0.317654,0.167168	1.832251,-0.347373,0.419067	1.755406,0.192815,0.086060	1.817767,0.403558,0.169512	1.843255,0.478564,0.410560	12
