joint_position_head	joint_position_neck	joint_position_shoulder	joint_position_spine_top	joint_position_spine_mid	joint_position_spine_bottom	joint_position_left_shoulder	joint_position_left_elbow	joint_position_left_hand	joint_position_right_shoulder	joint_position_right_elbow	joint_position_right_hand	
XYZ order
1.639155,0.049548,0.319181	1.635598,0.043442,0.215957	0.000000,0.000000,0.000000	1.635357,0.042807,0.146220	1.634662,0.040976,-0.054857	1.588039,0.038987,-0.213708	1.646141,-0.102765,0.148966	1.707776,-0.326035,0.173755	1.658495,-0.566781,0.229788	1.646519,0.187223,0.143961	1.703559,0.411667,0.169132	1.695881,0.659793,0.212735	12
1.639059,0.049563,0.320525	1.635376,0.043449,0.217233	0.000000,0.000000,0.000000	1.635157,0.042787,0.147494	1.634525,0.040878,-0.053749	1.588250,0.038949,-0.212929	1.646063,-0.102332,0.149169	1.707791,-0.325683,0.173825	1.659351,-0.566982,0.229788	1.646441,0.186807,0.144261	1.703400,0.411249,0.170435	1.695721,0.659564,0.214973	12
1.638958,0.049575,0.321850	1.635164,0.043455,0.218559	0.000000,0.000000,0.000000	1.634964,0.042744,0.148819	1.634385,0.040692,-0.052601	1.588427,0.038895,-0.212098	1.646012,-0.101919,0.149370	1.707785,-0.325375,0.173866	1.660196,-0.567136,0.229807	1.646363,0.186417,0.144566	1.703256,0.410894,0.171437	1.695313,0.659374,0.216568	12
1.638432,0.049189,0.323456	1.634962,0.043460,0.220187	0.000000,0.000000,0.000000	1.634797,0.042697,0.150444	1.634320,0.040493,-0.051125	1.588396,0.038691,-0.210765	1.645996,-0.102036,0.150961	1.707881,-0.325676,0.173860	1.660775,-0.567705,0.230022	1.645952,0.187167,0.147330	1.703401,0.411738,0.172540	1.694600,0.660311,0.218197	12
1.637728,0.048790,0.325572	1.634749,0.043464,0.222465	0.000000,0.000000,0.000000	1.634636,0.042667,0.152721	1.634310,0.040362,-0.048901	1.588403,0.038499,-0.208541	1.645986,-0.102046,0.152956	1.707837,-0.325896,0.173809	1.660957,-0.568085,0.230227	1.645335,0.187386,0.149639	1.703384,0.411947,0.173563	1.693865,0.660600,0.219572	12
1.636987,0.048517,0.327923	1.634527,0.043468,0.225182	0.000000,0.000000,0.000000	1.634474,0.042653,0.155436	1.634319,0.040298,-0.046117	1.588507,0.038337,-0.205618	1.645978,-0.101986,0.155221	1.707714,-0.326037,0.173731	1.661055,-0.568340,0.230442	1.644623,0.187210,0.151582	1.703237,0.411695,0.174515	1.693153,0.660423,0.220738	12
1.636253,0.048354,0.330083	1.634292,0.043472,0.227854	0.000000,0.000000,0.000000	1.634302,0.042648,0.158106	1.634332,0.040268,-0.043288	1.588690,0.038155,-0.202555	1.645963,-0.101817,0.157181	1.707493,-0.326005,0.173747	1.661178,-0.568460,0.230568	1.643958,0.186899,0.153198	1.703047,0.411309,0.174881	1.692337,0.660118,0.221115	12
1.635536,0.048260,0.332251	1.634051,0.043476,0.230661	0.000000,0.000000,0.000000	1.634126,0.042645,0.160911	1.634345,0.040251,-0.040152	1.588848,0.038020,-0.199110	1.645947,-0.101615,0.159169	1.707201,-0.325875,0.173866	1.661355,-0.568522,0.230635	1.643559,0.186520,0.154824	1.702843,0.410888,0.174929	1.691934,0.659760,0.221252	12
1.634770,0.048217,0.334257	1.633819,0.043481,0.233380	0.000000,0.000000,0.000000	1.633955,0.042642,0.163628	1.634348,0.040231,-0.037039	1.589168,0.037913,-0.195754	1.645943,-0.101566,0.161378	1.706910,-0.325831,0.174087	1.661521,-0.568667,0.230728	1.643343,0.186156,0.156426	1.702642,0.410471,0.174834	1.691711,0.659386,0.221309	12
1.633986,0.048195,0.335809	1.633575,0.043485,0.235700	0.000000,0.000000,0.000000	1.633774,0.042636,0.165946	1.634347,0.040199,-0.034286	1.589483,0.037816,-0.192859	1.645945,-0.101613,0.163409	1.706656,-0.325846,0.174413	1.661648,-0.568856,0.230875	1.643053,0.185919,0.157886	1.702445,0.410134,0.174796	1.691324,0.659080,0.221378	12
1.633273,0.048188,0.336897	1.633326,0.043518,0.237577	0.000000,0.000000,0.000000	1.633589,0.042655,0.167821	1.634342,0.040181,-0.032127	1.589828,0.037760,-0.190635	1.645964,-0.101853,0.165520	1.706796,-0.325929,0.174868	1.661533,-0.568967,0.231219	1.642922,0.185846,0.159246	1.702271,0.409971,0.174827	1.690984,0.658942,0.221497	12
1.632631,0.048173,0.337373	1.633052,0.043570,0.238771	0.000000,0.000000,0.000000	1.633383,0.042691,0.169013	1.634335,0.040171,-0.030866	1.590065,0.037731,-0.189349	1.645969,-0.101956,0.166746	1.707134,-0.325762,0.175515	1.661376,-0.568788,0.231700	1.642843,0.186038,0.160413	1.702146,0.410044,0.174913	1.690361,0.659014,0.221683	12
1.631976,0.048161,0.337348	1.632762,0.043632,0.239382	0.000000,0.000000,0.000000	1.633167,0.042734,0.169622	1.634328,0.040162,-0.030323	1.590180,0.037712,-0.188818	1.645964,-0.101950,0.167189	1.707485,-0.325458,0.176297	1.661219,-0.568462,0.232313	1.642773,0.186166,0.160868	1.701972,0.410040,0.175000	1.689639,0.658997,0.221881	12
1.631294,0.048146,0.337059	1.632469,0.043698,0.239638	0.000000,0.000000,0.000000	1.632948,0.042782,0.169877	1.634323,0.040155,-0.030178	1.590210,0.037702,-0.188726	1.645960,-0.101964,0.167337	1.708065,-0.325121,0.177164	1.661060,-0.567503,0.232868	1.642700,0.186278,0.160940	1.701757,0.410029,0.175117	1.689023,0.658427,0.222008	12
1.630793,0.048135,0.336712	1.632187,0.043764,0.239720	0.000000,0.000000,0.000000	1.632729,0.042833,0.169957	1.634284,0.040162,-0.030228	1.590178,0.037704,-0.188867	1.645824,-0.102022,0.167430	1.708207,-0.324903,0.178042	1.661056,-0.566544,0.233557	1.642579,0.186575,0.161218	1.701548,0.410194,0.175296	1.688802,0.657858,0.222151	12
1.630492,0.048139,0.336448	1.631901,0.043828,0.239774	0.000000,0.000000,0.000000	1.632495,0.042882,0.170009	1.634203,0.040167,-0.030316	1.590109,0.037708,-0.189070	1.645480,-0.102149,0.167650	1.707937,-0.324839,0.178921	1.661156,-0.565786,0.234440	1.642269,0.186962,0.161669	1.701307,0.410439,0.175531	1.688799,0.657379,0.222334	12
1.630301,0.048152,0.336292	1.631608,0.043890,0.239839	0.000000,0.000000,0.000000	1.632253,0.042929,0.170073	1.634106,0.040168,-0.030387	1.590019,0.037711,-0.189268	1.644993,-0.102290,0.167935	1.707441,-0.324853,0.179823	1.661307,-0.565215,0.235444	1.641817,0.187365,0.162193	1.701033,0.410709,0.175841	1.688736,0.657001,0.222588	12
1.630141,0.048161,0.336242	1.631314,0.043950,0.239937	0.000000,0.000000,0.000000	1.632000,0.042973,0.170169	1.633973,0.040166,-0.030418	1.589911,0.037710,-0.189435	1.644499,-0.102458,0.168352	1.706860,-0.324954,0.180793	1.661387,-0.564851,0.236439	1.641317,0.187738,0.162746	1.700722,0.410981,0.176221	1.688762,0.656731,0.222904	12
1.629892,0.047851,0.336296	1.631014,0.043992,0.240058	0.000000,0.000000,0.000000	1.631727,0.042981,0.170289	1.633780,0.040073,-0.030377	1.589749,0.037643,-0.189534	1.643710,-0.102639,0.168689	1.706212,-0.325109,0.181849	1.661292,-0.565239,0.237600	1.640762,0.187896,0.162909	1.700350,0.411129,0.176652	1.688804,0.657042,0.223365	12
1.629578,0.047402,0.336403	1.630715,0.044022,0.240165	0.000000,0.000000,0.000000	1.631445,0.042967,0.170394	1.633546,0.039934,-0.030282	1.589551,0.037546,-0.189578	1.642853,-0.102838,0.168940	1.705587,-0.325413,0.182322	1.661106,-0.565888,0.238931	1.640201,0.187978,0.162867	1.699969,0.411313,0.177138	1.688848,0.657688,0.223909	12
1.629239,0.046722,0.336481	1.630415,0.044040,0.240179	0.000000,0.000000,0.000000	1.631177,0.042946,0.170407	1.633366,0.039800,-0.030188	1.589361,0.037492,-0.189611	1.642257,-0.103080,0.169128	1.705013,-0.325952,0.182633	1.660761,-0.566898,0.239702	1.639624,0.188026,0.162617	1.699571,0.411566,0.177714	1.688892,0.658485,0.224483	12
1.628723,0.046059,0.336531	1.630108,0.044048,0.240136	0.000000,0.000000,0.000000	1.630914,0.042915,0.170363	1.633230,0.039661,-0.030070	1.589236,0.037418,-0.189614	1.641719,-0.103300,0.169168	1.704451,-0.326649,0.183034	1.660311,-0.568116,0.240085	1.638989,0.187969,0.162095	1.699164,0.411851,0.178429	1.688936,0.659297,0.225066	12
1.628141,0.045596,0.336561	1.629800,0.044052,0.240062	0.000000,0.000000,0.000000	1.630658,0.042891,0.170288	1.633118,0.039559,-0.029920	1.589145,0.037363,-0.189569	1.641247,-0.103476,0.169095	1.704098,-0.327413,0.183551	1.659711,-0.569328,0.240263	1.638350,0.187880,0.161501	1.698779,0.412242,0.179286	1.688973,0.660159,0.225656	12
1.627697,0.045326,0.336580	1.629497,0.044055,0.239973	0.000000,0.000000,0.000000	1.630408,0.042876,0.170198	1.633018,0.039497,-0.029755	1.589096,0.037332,-0.189495	1.640817,-0.103618,0.168973	1.703822,-0.328189,0.184086	1.659011,-0.570458,0.240355	1.637703,0.187864,0.161056	1.698442,0.412747,0.180228	1.688999,0.661065,0.226245	12
1.627356,0.045190,0.336619	1.629200,0.044058,0.239912	0.000000,0.000000,0.000000	1.630165,0.042861,0.170135	1.632927,0.039436,-0.029560	1.589077,0.037313,-0.189375	1.640397,-0.103741,0.168875	1.703548,-0.328854,0.184609	1.658280,-0.571407,0.240393	1.637459,0.187939,0.160880	1.698107,0.413365,0.181288	1.689023,0.662038,0.226812	12
1.627092,0.045134,0.336673	1.628906,0.044062,0.239877	0.000000,0.000000,0.000000	1.629925,0.042845,0.170099	1.632839,0.039366,-0.029349	1.589075,0.037300,-0.189226	1.639961,-0.103846,0.168804	1.703167,-0.329382,0.185106	1.657468,-0.572130,0.240561	1.637429,0.188053,0.160859	1.697750,0.413931,0.182492	1.689051,0.662933,0.227350	12
1.626667,0.045118,0.336729	1.628610,0.044066,0.239861	0.000000,0.000000,0.000000	1.629685,0.042827,0.170082	1.632755,0.039291,-0.029132	1.589076,0.037289,-0.189059	1.639530,-0.103935,0.168755	1.702734,-0.329727,0.185979	1.656506,-0.572705,0.240661	1.637437,0.188185,0.160925	1.697284,0.414384,0.183865	1.689097,0.663677,0.228045	12
1.626141,0.045118,0.336787	1.628322,0.044073,0.239860	0.000000,0.000000,0.000000	1.629471,0.042822,0.170080	1.632748,0.039252,-0.028914	1.589086,0.037287,-0.188867	1.639378,-0.103990,0.168729	1.702290,-0.329954,0.186983	1.655398,-0.573125,0.240781	1.637445,0.188346,0.161078	1.696785,0.414712,0.185338	1.689122,0.664255,0.228875	12
1.625737,0.045817,0.337105	1.628047,0.044083,0.239876	0.000000,0.000000,0.000000	1.629277,0.042852,0.170095	1.632787,0.039342,-0.028869	1.589027,0.037435,-0.188808	1.639414,-0.104297,0.169624	1.701870,-0.330281,0.188169	1.654116,-0.573610,0.240935	1.637524,0.189348,0.163154	1.696488,0.415755,0.187177	1.689053,0.665538,0.229929	12
