joint_position_head	joint_position_neck	joint_position_shoulder	joint_position_spine_top	joint_position_spine_mid	joint_position_spine_bottom	joint_position_left_shoulder	joint_position_left_elbow	joint_position_left_hand	joint_position_right_shoulder	joint_position_right_elbow	joint_position_right_hand	
XYZ order
1.793473,0.037541,0.347324	1.775022,0.034345,0.244914	0.000000,0.000000,0.000000	1.742671,0.031098,0.178482	1.637717,0.020564,-0.037045	1.556123,0.017820,-0.183099	1.784528,-0.115517,0.226131	1.780980,-0.225852,0.445459	1.804150,0.005813,0.591194	1.782671,0.182930,0.217248	1.794518,0.300017,0.432750	1.818381,0.091326,0.609731	12
1.793474,0.037537,0.347509	1.775022,0.034345,0.244914	0.000000,0.000000,0.000000	1.742764,0.031096,0.178438	1.638025,0.020548,-0.037400	1.556368,0.017812,-0.183848	1.784527,-0.115494,0.226135	1.780981,-0.225928,0.445413	1.804129,0.005277,0.591447	1.782672,0.182940,0.217428	1.794561,0.300015,0.432934	1.818230,0.091177,0.609411	12
1.793484,0.037534,0.347671	1.775023,0.034345,0.244906	0.000000,0.000000,0.000000	1.742859,0.031094,0.178384	1.638385,0.020534,-0.037698	1.556611,0.017804,-0.184463	1.784526,-0.115471,0.226137	1.780979,-0.226054,0.445340	1.804127,0.004739,0.591568	1.782672,0.182949,0.217599	1.794610,0.300032,0.433099	1.818023,0.091221,0.609261	12
1.793500,0.037533,0.347807	1.775023,0.034345,0.244895	0.000000,0.000000,0.000000	1.742949,0.031092,0.178330	1.638750,0.020524,-0.037928	1.556841,0.017794,-0.184896	1.784524,-0.115448,0.226139	1.780982,-0.226108,0.445303	1.804134,0.004208,0.591717	1.782672,0.182957,0.217768	1.794660,0.300065,0.433250	1.817799,0.091401,0.609156	12
1.793517,0.037531,0.347915	1.775023,0.034345,0.244881	0.000000,0.000000,0.000000	1.743044,0.031089,0.178271	1.639157,0.020514,-0.038118	1.557086,0.017782,-0.185120	1.784523,-0.115425,0.226142	1.780988,-0.226123,0.445286	1.804144,0.003718,0.591820	1.782672,0.182961,0.217917	1.794715,0.300081,0.433390	1.817525,0.091722,0.609179	12
1.793532,0.037529,0.348001	1.775023,0.034345,0.244867	0.000000,0.000000,0.000000	1.743113,0.031088,0.178223	1.639474,0.020509,-0.038225	1.557346,0.017771,-0.185161	1.784522,-0.115401,0.226144	1.780997,-0.226099,0.445289	1.804163,0.003247,0.591940	1.782672,0.182966,0.218074	1.794768,0.300103,0.433535	1.817258,0.092185,0.609341	12
1.793545,0.037527,0.348068	1.775023,0.034345,0.244851	0.000000,0.000000,0.000000	1.743165,0.031086,0.178182	1.639730,0.020507,-0.038280	1.557666,0.017762,-0.185073	1.784520,-0.115377,0.226147	1.781007,-0.226053,0.445303	1.804197,0.002800,0.592173	1.782672,0.182973,0.218252	1.794796,0.300120,0.433706	1.817113,0.092419,0.609333	12
1.793555,0.037523,0.348118	1.775023,0.034345,0.244833	0.000000,0.000000,0.000000	1.743196,0.031085,0.178150	1.639896,0.020507,-0.038283	1.557811,0.017762,-0.184874	1.784519,-0.115354,0.226150	1.781008,-0.226024,0.445308	1.804243,0.002345,0.592505	1.782672,0.182963,0.218320	1.794810,0.300074,0.433793	1.817033,0.092492,0.609221	12
1.793563,0.037519,0.348158	1.775023,0.034345,0.244814	0.000000,0.000000,0.000000	1.743214,0.031085,0.178123	1.640011,0.020509,-0.038259	1.557833,0.017767,-0.184662	1.784518,-0.115333,0.226152	1.781000,-0.226011,0.445307	1.804248,0.002083,0.592575	1.782671,0.182945,0.218333	1.794818,0.300003,0.433834	1.817000,0.092596,0.609178	12
1.793569,0.037515,0.348189	1.775023,0.034345,0.244796	0.000000,0.000000,0.000000	1.743217,0.031085,0.178103	1.640062,0.020512,-0.038206	1.557771,0.017773,-0.184480	1.784517,-0.115315,0.226154	1.780987,-0.225992,0.445310	1.804230,0.001938,0.592545	1.782669,0.182917,0.218272	1.794824,0.299999,0.433759	1.816971,0.092817,0.609133	12
1.793604,0.037390,0.348198	1.775023,0.034345,0.244776	0.000000,0.000000,0.000000	1.743262,0.031068,0.178063	1.640352,0.020451,-0.038104	1.557659,0.017720,-0.184123	1.784569,-0.115298,0.226153	1.780959,-0.225981,0.445304	1.804206,0.001862,0.592458	1.782659,0.182865,0.218049	1.794822,0.299978,0.433519	1.816956,0.093110,0.609085	12
1.793656,0.037183,0.348190	1.775023,0.034345,0.244757	0.000000,0.000000,0.000000	1.743354,0.031045,0.178001	1.640929,0.020373,-0.037905	1.557651,0.017680,-0.183569	1.784572,-0.115287,0.226150	1.780945,-0.225971,0.445299	1.804199,0.001836,0.592327	1.782645,0.182835,0.217936	1.794837,0.300049,0.433349	1.816956,0.093452,0.609083	12
1.793699,0.036927,0.348171	1.775023,0.034345,0.244737	0.000000,0.000000,0.000000	1.743466,0.031018,0.177929	1.641679,0.020289,-0.037562	1.557790,0.017663,-0.182852	1.784547,-0.115277,0.226144	1.780935,-0.225967,0.445291	1.804204,0.001863,0.592187	1.782644,0.182814,0.217872	1.794867,0.300147,0.433220	1.816938,0.093597,0.608937	12
1.793739,0.036645,0.348142	1.775023,0.034345,0.244716	0.000000,0.000000,0.000000	1.743600,0.030992,0.177846	1.642547,0.020212,-0.037195	1.558361,0.017663,-0.182214	1.784516,-0.115266,0.226131	1.780936,-0.225815,0.445350	1.804233,0.002110,0.592152	1.782652,0.182796,0.217830	1.794914,0.300291,0.433086	1.816902,0.093642,0.608746	12
1.793777,0.036365,0.348105	1.775023,0.034345,0.244694	0.000000,0.000000,0.000000	1.743750,0.030963,0.177755	1.643437,0.020116,-0.036960	1.559122,0.017668,-0.181688	1.784528,-0.115250,0.226110	1.780929,-0.225848,0.445304	1.804248,0.002349,0.591967	1.782666,0.182778,0.217799	1.794982,0.300520,0.432917	1.816849,0.093566,0.608472	12
1.793814,0.036102,0.348053	1.775023,0.034345,0.244668	0.000000,0.000000,0.000000	1.743865,0.030930,0.177677	1.644109,0.019997,-0.036801	1.559881,0.017671,-0.181331	1.784574,-0.115233,0.226082	1.780918,-0.226082,0.445148	1.804280,0.002616,0.591585	1.782684,0.182763,0.217769	1.795083,0.300786,0.432728	1.816818,0.093284,0.608121	12
1.793852,0.035864,0.347985	1.775023,0.034345,0.244634	0.000000,0.000000,0.000000	1.743922,0.030914,0.177618	1.644500,0.019946,-0.036622	1.560537,0.017679,-0.181145	1.784649,-0.115209,0.225999	1.780929,-0.226470,0.444855	1.804334,0.003016,0.590798	1.782704,0.182749,0.217739	1.795235,0.301099,0.432511	1.816865,0.092992,0.607825	12
1.793890,0.035596,0.347903	1.775023,0.034345,0.244595	0.000000,0.000000,0.000000	1.743950,0.030909,0.177566	1.644738,0.019940,-0.036454	1.561144,0.017690,-0.181195	1.784748,-0.115167,0.225750	1.780972,-0.226930,0.444349	1.804424,0.003657,0.589389	1.782726,0.182725,0.217625	1.795538,0.301494,0.432149	1.817000,0.092949,0.607667	12
1.793947,0.035317,0.347582	1.775023,0.034345,0.244353	0.000000,0.000000,0.000000	1.743951,0.030908,0.177325	1.644844,0.019948,-0.036467	1.561603,0.017699,-0.181602	1.784851,-0.115119,0.225202	1.781082,-0.227605,0.443429	1.804541,0.004710,0.586917	1.782748,0.182668,0.217094	1.796106,0.301984,0.431280	1.817204,0.092923,0.607237	12
1.794003,0.035167,0.346831	1.775031,0.034345,0.243713	0.000000,0.000000,0.000000	1.743921,0.030906,0.176701	1.644791,0.019948,-0.036828	1.561812,0.017703,-0.182471	1.784960,-0.115068,0.223976	1.781277,-0.228740,0.441587	1.804605,0.005792,0.583293	1.782757,0.182356,0.214680	1.796870,0.301738,0.428782	1.817530,0.093154,0.606818	12
1.794790,0.035097,0.345715	1.775061,0.034345,0.242831	0.000000,0.000000,0.000000	1.743890,0.030902,0.175848	1.644634,0.019941,-0.037438	1.561811,0.017702,-0.183649	1.785060,-0.114928,0.221597	1.781557,-0.230275,0.438326	1.804629,0.006182,0.579470	1.782756,0.181602,0.209982	1.797907,0.300595,0.424229	1.818275,0.093900,0.606473	12
1.796151,0.035064,0.343320	1.775198,0.034345,0.240819	0.000000,0.000000,0.000000	1.743855,0.030889,0.173917	1.644092,0.019888,-0.039030	1.561414,0.017688,-0.185975	1.785157,-0.114548,0.216379	1.781989,-0.230941,0.432557	1.804721,0.006493,0.575144	1.782826,0.180941,0.204558	1.799452,0.299274,0.419061	1.819556,0.094732,0.606041	12
1.798377,0.035015,0.338648	1.775673,0.034345,0.236943	0.000000,0.000000,0.000000	1.744112,0.030798,0.170149	1.643581,0.019500,-0.042603	1.560434,0.017075,-0.189821	1.787502,-0.114510,0.212235	1.781869,-0.230890,0.428356	1.805301,0.007484,0.571624	1.784714,0.181020,0.200688	1.801253,0.297911,0.415982	1.821795,0.094136,0.605573	12
1.801739,0.034937,0.332204	1.776402,0.034345,0.231751	0.000000,0.000000,0.000000	1.744602,0.030694,0.165076	1.643075,0.019040,-0.047800	1.559069,0.016449,-0.194764	1.790194,-0.114505,0.207387	1.782280,-0.229808,0.424008	1.806021,0.008414,0.568712	1.789089,0.181390,0.197928	1.803039,0.296833,0.414166	1.825394,0.092870,0.604306	12
1.805409,0.034836,0.325862	1.777624,0.034345,0.226603	0.000000,0.000000,0.000000	1.745609,0.030611,0.160035	1.644003,0.018764,-0.051233	1.559281,0.016047,-0.197650	1.793649,-0.114771,0.205061	1.783162,-0.229080,0.422104	1.807016,0.010030,0.564611	1.794034,0.181659,0.195333	1.805052,0.295699,0.412479	1.829986,0.090701,0.600640	12
1.809024,0.034726,0.319883	1.779246,0.034345,0.221435	0.000000,0.000000,0.000000	1.746964,0.030482,0.155003	1.645450,0.018337,-0.053910	1.560535,0.015772,-0.199590	1.795980,-0.115247,0.203955	1.785256,-0.228649,0.421475	1.808068,0.010278,0.561969	1.796303,0.182012,0.191837	1.808082,0.294783,0.409623	1.835136,0.088566,0.594236	12
1.810740,0.034613,0.315070	1.781394,0.034345,0.216524	0.000000,0.000000,0.000000	1.748685,0.030370,0.150309	1.646804,0.017993,-0.055957	1.562316,0.015634,-0.201178	1.797154,-0.115770,0.203379	1.788952,-0.228379,0.421410	1.809666,0.009309,0.560297	1.797319,0.182543,0.189115	1.810320,0.295440,0.406773	1.838640,0.086047,0.584339	12
1.811131,0.034489,0.311865	1.783674,0.034345,0.212582	0.000000,0.000000,0.000000	1.750377,0.030286,0.146667	1.647540,0.017749,-0.056926	1.563557,0.015569,-0.201879	1.797371,-0.116186,0.203023	1.793112,-0.228479,0.421312	1.812894,0.007772,0.558889	1.797627,0.182966,0.186834	1.811631,0.295931,0.404397	1.840265,0.085990,0.578244	12
1.810884,0.034349,0.309819	1.785648,0.034344,0.209565	0.000000,0.000000,0.000000	1.751810,0.030233,0.143928	1.648037,0.017624,-0.057376	1.564512,0.015552,-0.202233	1.797077,-0.116432,0.202533	1.797010,-0.228839,0.420803	1.818134,0.006270,0.557964	1.797631,0.183285,0.185333	1.812308,0.297488,0.402201	1.839821,0.087631,0.574647	12
