joint_position_head	joint_position_neck	joint_position_shoulder	joint_position_spine_top	joint_position_spine_mid	joint_position_spine_bottom	joint_position_left_shoulder	joint_position_left_elbow	joint_position_left_hand	joint_position_right_shoulder	joint_position_right_elbow	joint_position_right_hand	
XYZ order
1.697280,0.011428,0.202903	1.682808,0.013729,0.103551	0.000000,0.000000,0.000000	1.673587,0.013365,0.035281	1.647909,0.012352,-0.154828	1.609017,0.011607,-0.311637	1.677943,-0.116589,0.042253	1.709820,-0.342489,0.058398	1.665807,-0.389380,0.300552	1.696373,0.144604,0.044801	1.757905,0.364150,0.062717	1.708984,0.426316,0.300450	12
1.698083,0.011528,0.202703	1.682808,0.013729,0.103455	0.000000,0.000000,0.000000	1.673670,0.013344,0.035174	1.648222,0.012270,-0.154968	1.609076,0.011604,-0.311827	1.678090,-0.116662,0.042192	1.709624,-0.342598,0.058510	1.665280,-0.389946,0.300515	1.696119,0.144724,0.044799	1.758024,0.364168,0.062681	1.709147,0.426944,0.300262	12
1.698542,0.011636,0.202551	1.682808,0.013729,0.103361	0.000000,0.000000,0.000000	1.673750,0.013327,0.035070	1.648529,0.012210,-0.155095	1.609135,0.011602,-0.312008	1.678236,-0.116698,0.042116	1.709504,-0.342657,0.058627	1.664803,-0.390425,0.300484	1.695856,0.144830,0.044834	1.758057,0.364196,0.062649	1.709359,0.427731,0.300065	12
1.698744,0.011743,0.202434	1.682808,0.013729,0.103266	0.000000,0.000000,0.000000	1.673829,0.013316,0.034964	1.648833,0.012165,-0.155189	1.609210,0.011600,-0.312171	1.678370,-0.116713,0.042044	1.709404,-0.342689,0.058749	1.664349,-0.390874,0.300457	1.695585,0.144910,0.044862	1.758117,0.364186,0.062633	1.709588,0.428592,0.299848	12
1.698803,0.011852,0.202331	1.682808,0.013729,0.103165	0.000000,0.000000,0.000000	1.673907,0.013305,0.034853	1.649135,0.012125,-0.155261	1.609301,0.011599,-0.312319	1.678506,-0.116700,0.041961	1.709290,-0.342696,0.058879	1.664152,-0.391048,0.300538	1.695329,0.144971,0.044899	1.758348,0.364109,0.062641	1.709782,0.429551,0.299565	12
1.698796,0.011971,0.202241	1.682808,0.013729,0.103067	0.000000,0.000000,0.000000	1.673960,0.013293,0.034748	1.649348,0.012081,-0.155300	1.609397,0.011598,-0.312455	1.678643,-0.116666,0.041884	1.709156,-0.342678,0.059063	1.664178,-0.390937,0.300772	1.695047,0.145009,0.044934	1.758666,0.363966,0.062767	1.709969,0.430465,0.299369	12
1.698762,0.012094,0.202136	1.682808,0.013729,0.102951	0.000000,0.000000,0.000000	1.673991,0.013281,0.034629	1.649476,0.012034,-0.155348	1.609488,0.011597,-0.312602	1.678769,-0.116620,0.041812	1.709009,-0.342645,0.059307	1.664303,-0.390680,0.301110	1.694681,0.145036,0.044962	1.759087,0.363743,0.063027	1.710118,0.431293,0.299276	12
1.698723,0.012220,0.202020	1.682808,0.013729,0.102824	0.000000,0.000000,0.000000	1.674005,0.013272,0.034500	1.649538,0.012000,-0.155410	1.609568,0.011597,-0.312754	1.678890,-0.116561,0.041745	1.708843,-0.342597,0.059589	1.664434,-0.390263,0.301520	1.694293,0.145049,0.044990	1.759194,0.363586,0.063351	1.710274,0.432260,0.299286	12
1.698689,0.012344,0.201907	1.682808,0.013729,0.102702	0.000000,0.000000,0.000000	1.674008,0.013266,0.034377	1.649559,0.011981,-0.155476	1.609599,0.011596,-0.312889	1.679007,-0.116487,0.041690	1.708733,-0.342522,0.059925	1.664289,-0.389803,0.301925	1.693901,0.145068,0.045081	1.759144,0.363478,0.063746	1.710410,0.432566,0.299600	12
1.698653,0.012478,0.201765	1.682808,0.013729,0.102550	0.000000,0.000000,0.000000	1.674006,0.013263,0.034225	1.649555,0.011970,-0.155579	1.609582,0.011596,-0.313039	1.679123,-0.116414,0.041643	1.708631,-0.342445,0.060269	1.664010,-0.389198,0.302338	1.693508,0.145089,0.045187	1.758823,0.363452,0.064146	1.710330,0.432664,0.300013	12
1.698617,0.012613,0.201613	1.682808,0.013729,0.102389	0.000000,0.000000,0.000000	1.674001,0.013262,0.034065	1.649541,0.011964,-0.155702	1.609541,0.011596,-0.313192	1.679246,-0.116331,0.041598	1.708540,-0.342355,0.060637	1.663623,-0.388408,0.302785	1.693143,0.145114,0.045336	1.758381,0.363478,0.064552	1.710024,0.432793,0.300417	12
1.698588,0.012745,0.201500	1.682808,0.013729,0.102268	0.000000,0.000000,0.000000	1.673996,0.013261,0.033945	1.649527,0.011962,-0.155792	1.609501,0.011595,-0.313303	1.679362,-0.116226,0.041572	1.708336,-0.342253,0.061068	1.663113,-0.387427,0.303324	1.692817,0.145094,0.045458	1.757884,0.363481,0.064989	1.709805,0.432623,0.300961	12
1.698566,0.012873,0.201433	1.682808,0.013730,0.102195	0.000000,0.000000,0.000000	1.673993,0.013261,0.033873	1.649519,0.011960,-0.155841	1.609470,0.011595,-0.313368	1.679469,-0.116097,0.041558	1.708001,-0.342132,0.061594	1.662354,-0.386259,0.303964	1.692598,0.145005,0.045506	1.757371,0.363445,0.065411	1.709905,0.431897,0.301706	12
1.698376,0.013007,0.200320	1.682808,0.013730,0.102149	0.000000,0.000000,0.000000	1.673991,0.013261,0.033827	1.649514,0.011960,-0.155867	1.609444,0.011595,-0.313406	1.679463,-0.115948,0.041549	1.707613,-0.341984,0.062107	1.661235,-0.384745,0.304582	1.692268,0.144890,0.045517	1.756835,0.363352,0.065854	1.710153,0.430907,0.302562	12
1.698125,0.013142,0.198856	1.682808,0.013730,0.102111	0.000000,0.000000,0.000000	1.673990,0.013261,0.033789	1.649510,0.011960,-0.155887	1.609422,0.011595,-0.313436	1.679404,-0.115787,0.041539	1.707109,-0.341828,0.062656	1.659701,-0.383014,0.305204	1.691881,0.144778,0.045548	1.756237,0.363264,0.066280	1.710388,0.429839,0.303428	12
1.697874,0.013274,0.197416	1.682808,0.013730,0.102075	0.000000,0.000000,0.000000	1.673989,0.013261,0.033753	1.649506,0.011960,-0.155908	1.609401,0.011595,-0.313463	1.679284,-0.115622,0.041535	1.706524,-0.341663,0.063248	1.657561,-0.381177,0.305763	1.691510,0.144659,0.045580	1.755617,0.363185,0.066661	1.710600,0.428760,0.304248	12
1.697651,0.013400,0.196170	1.682808,0.013730,0.102046	0.000000,0.000000,0.000000	1.673987,0.013261,0.033724	1.649504,0.011960,-0.155924	1.609385,0.011595,-0.313485	1.679153,-0.115457,0.041540	1.705704,-0.341514,0.063924	1.654424,-0.379347,0.306226	1.691571,0.144515,0.045633	1.755009,0.363205,0.067024	1.710721,0.427732,0.305035	12
1.697453,0.013517,0.195168	1.682808,0.013730,0.102035	0.000000,0.000000,0.000000	1.673987,0.013262,0.033713	1.649504,0.011960,-0.155922	1.609379,0.011595,-0.313489	1.679022,-0.115323,0.041600	1.704609,-0.341418,0.064701	1.650340,-0.378622,0.306447	1.691845,0.144366,0.045695	1.754441,0.363269,0.067387	1.710809,0.427406,0.305627	12
1.697238,0.013637,0.194388	1.682808,0.013731,0.102032	0.000000,0.000000,0.000000	1.673987,0.013262,0.033710	1.649505,0.011960,-0.155913	1.609377,0.011595,-0.313486	1.679014,-0.115206,0.041664	1.703296,-0.341358,0.065592	1.646369,-0.378496,0.306741	1.692286,0.144218,0.045762	1.753863,0.363324,0.068292	1.710882,0.427734,0.306576	12
1.696954,0.013760,0.193797	1.682808,0.013731,0.102035	0.000000,0.000000,0.000000	1.673987,0.013262,0.033713	1.649506,0.011960,-0.155899	1.609378,0.011595,-0.313476	1.679015,-0.115101,0.041727	1.701746,-0.341296,0.066731	1.643232,-0.378270,0.307533	1.692760,0.144079,0.045829	1.753695,0.363244,0.069503	1.710813,0.428483,0.307578	12
1.696680,0.013889,0.194441	1.682808,0.013731,0.102042	0.000000,0.000000,0.000000	1.673987,0.013262,0.033720	1.649508,0.011960,-0.155883	1.609381,0.011595,-0.313463	1.679013,-0.115006,0.041786	1.700218,-0.341205,0.068064	1.642295,-0.377383,0.309128	1.692931,0.143969,0.045884	1.753619,0.363152,0.070050	1.710785,0.429199,0.307911	12
1.696286,0.014023,0.195581	1.682808,0.013731,0.102049	0.000000,0.000000,0.000000	1.673987,0.013262,0.033727	1.649511,0.011960,-0.155866	1.609385,0.011595,-0.313449	1.679006,-0.114920,0.041841	1.699493,-0.341028,0.069470	1.641188,-0.376709,0.310517	1.692917,0.143882,0.045930	1.753575,0.363062,0.070197	1.710749,0.429469,0.307959	12
1.695585,0.014159,0.196824	1.682808,0.013731,0.102058	0.000000,0.000000,0.000000	1.673988,0.013262,0.033736	1.649513,0.011960,-0.155847	1.609389,0.011595,-0.313433	1.678995,-0.114844,0.041892	1.699124,-0.340916,0.070092	1.640114,-0.377385,0.310847	1.692805,0.143809,0.045969	1.753549,0.362974,0.070156	1.710702,0.429395,0.307911	12
1.694239,0.014291,0.198013	1.682808,0.013732,0.102067	0.000000,0.000000,0.000000	1.673988,0.013263,0.033745	1.649515,0.011960,-0.155829	1.609393,0.011595,-0.313416	1.678978,-0.114774,0.041939	1.698892,-0.340837,0.070378	1.639936,-0.377932,0.311050	1.692662,0.143743,0.045998	1.753570,0.362867,0.070140	1.710890,0.429071,0.307985	12
1.692079,0.014430,0.199077	1.682808,0.013732,0.102076	0.000000,0.000000,0.000000	1.673988,0.013263,0.033754	1.649518,0.011961,-0.155810	1.609398,0.011595,-0.313399	1.678958,-0.114712,0.041983	1.698709,-0.340770,0.070560	1.640271,-0.378298,0.311291	1.692499,0.143685,0.046022	1.753613,0.362753,0.070159	1.711134,0.428640,0.308128	12
1.689633,0.014572,0.199941	1.682807,0.013732,0.102086	0.000000,0.000000,0.000000	1.673988,0.013263,0.033764	1.649520,0.011961,-0.155790	1.609402,0.011595,-0.313381	1.678933,-0.114656,0.042025	1.698469,-0.340715,0.070740	1.641021,-0.378399,0.311683	1.692315,0.143635,0.046044	1.753621,0.362639,0.070268	1.712015,0.427256,0.308735	12
1.686977,0.014712,0.200608	1.682807,0.013732,0.102095	0.000000,0.000000,0.000000	1.673989,0.013263,0.033773	1.649523,0.011961,-0.155772	1.609407,0.011595,-0.313364	1.678906,-0.114606,0.042063	1.698207,-0.340666,0.070915	1.641349,-0.378515,0.311973	1.692134,0.143590,0.046063	1.753611,0.362532,0.070418	1.712220,0.426931,0.308984	12
1.684957,0.014862,0.201088	1.682807,0.013733,0.102105	0.000000,0.000000,0.000000	1.673989,0.013263,0.033783	1.649525,0.011961,-0.155752	1.609412,0.011595,-0.313345	1.678879,-0.114561,0.042100	1.697905,-0.340646,0.070938	1.641211,-0.378791,0.311989	1.691942,0.143551,0.046080	1.753592,0.362421,0.070637	1.712285,0.426835,0.309215	12
1.683614,0.015013,0.201430	1.682807,0.013733,0.102111	0.000000,0.000000,0.000000	1.673982,0.013263,0.033790	1.649503,0.011961,-0.155730	1.609416,0.011595,-0.313329	1.678845,-0.114520,0.042133	1.697615,-0.340637,0.070888	1.640457,-0.379391,0.311732	1.691743,0.143518,0.046094	1.753561,0.362302,0.070985	1.712323,0.426804,0.309551	12
