joint_position_head	joint_position_neck	joint_position_shoulder	joint_position_spine_top	joint_position_spine_mid	joint_position_spine_bottom	joint_position_left_shoulder	joint_position_left_elbow	joint_position_left_hand	joint_position_right_shoulder	joint_position_right_elbow	joint_position_right_hand	
XYZ order
1.540403,0.026960,0.193353	1.531022,0.027424,0.095488	0.000000,0.000000,0.000000	1.540928,0.026206,0.028831	1.568529,0.022814,-0.156903	1.537473,0.022108,-0.313464	1.537196,-0.108429,0.032286	1.553495,-0.331509,0.026088	1.537236,-0.574476,0.054195	1.544463,0.159081,0.024959	1.588456,0.378129,0.037267	1.580291,0.617688,0.088571	12
1.540456,0.026960,0.193294	1.531022,0.027458,0.095434	0.000000,0.000000,0.000000	1.540928,0.026230,0.028776	1.568446,0.022818,-0.156403	1.537550,0.022105,-0.312977	1.537164,-0.108284,0.031948	1.553545,-0.331370,0.026101	1.537213,-0.574239,0.055006	1.544489,0.159157,0.024950	1.588525,0.378190,0.037386	1.579795,0.617692,0.088876	12
1.540510,0.026961,0.193237	1.531022,0.027503,0.095381	0.000000,0.000000,0.000000	1.540928,0.026262,0.028723	1.568374,0.022823,-0.155958	1.537618,0.022101,-0.312542	1.537141,-0.108082,0.031538	1.553589,-0.331177,0.026189	1.537209,-0.573946,0.055912	1.544515,0.159233,0.024940	1.588624,0.378240,0.037592	1.579314,0.617712,0.089129	12
1.540566,0.026963,0.193179	1.531022,0.027553,0.095327	0.000000,0.000000,0.000000	1.540929,0.026298,0.028670	1.568313,0.022828,-0.155572	1.537678,0.022095,-0.312165	1.537121,-0.107840,0.031142	1.553615,-0.330944,0.026313	1.537221,-0.573672,0.056387	1.544539,0.159280,0.024946	1.588732,0.378259,0.037822	1.578868,0.617713,0.089348	12
1.540626,0.026966,0.193122	1.531022,0.027603,0.095276	0.000000,0.000000,0.000000	1.540934,0.026333,0.028619	1.568274,0.022830,-0.155238	1.537724,0.022085,-0.311845	1.537096,-0.107559,0.030804	1.553607,-0.330674,0.026455	1.537267,-0.573353,0.056967	1.544560,0.159286,0.024999	1.588847,0.378235,0.038100	1.578469,0.617691,0.089522	12
1.540672,0.026970,0.193070	1.531022,0.027652,0.095228	0.000000,0.000000,0.000000	1.540942,0.026368,0.028572	1.568253,0.022831,-0.154948	1.537757,0.022073,-0.311584	1.537054,-0.107238,0.030525	1.553577,-0.330362,0.026607	1.537323,-0.572995,0.057540	1.544580,0.159244,0.025099	1.588971,0.378163,0.038377	1.578090,0.617619,0.089707	12
1.540707,0.026974,0.193016	1.531022,0.027704,0.095178	0.000000,0.000000,0.000000	1.540951,0.026404,0.028523	1.568244,0.022830,-0.154699	1.537778,0.022059,-0.311382	1.537003,-0.106849,0.030259	1.553535,-0.329980,0.026760	1.537388,-0.572527,0.058436	1.544596,0.159156,0.025244	1.589128,0.378039,0.038657	1.577747,0.617501,0.089858	12
1.540744,0.026977,0.192959	1.531022,0.027757,0.095124	0.000000,0.000000,0.000000	1.540961,0.026441,0.028470	1.568242,0.022829,-0.154485	1.537790,0.022045,-0.311231	1.536935,-0.106410,0.030028	1.553511,-0.329546,0.026929	1.537434,-0.571968,0.059590	1.544606,0.159018,0.025416	1.589288,0.377859,0.039047	1.577816,0.617375,0.089986	12
1.540783,0.026979,0.192898	1.531022,0.027807,0.095067	0.000000,0.000000,0.000000	1.540971,0.026476,0.028414	1.568244,0.022827,-0.154298	1.537793,0.022031,-0.311122	1.536834,-0.106078,0.030017	1.553524,-0.329208,0.026970	1.537431,-0.571463,0.060846	1.544616,0.158874,0.025588	1.589447,0.377670,0.039492	1.578059,0.617273,0.090043	12
1.540825,0.027453,0.192841	1.531022,0.027870,0.095011	0.000000,0.000000,0.000000	1.540981,0.026520,0.028360	1.568248,0.022825,-0.154132	1.537791,0.022017,-0.311044	1.536724,-0.105788,0.030084	1.553557,-0.328908,0.026973	1.537372,-0.570940,0.062378	1.544628,0.158756,0.025757	1.589601,0.377505,0.039975	1.578095,0.617192,0.090107	12
1.540864,0.028325,0.192803	1.531022,0.027943,0.094978	0.000000,0.000000,0.000000	1.540990,0.026572,0.028328	1.568251,0.022823,-0.153958	1.537787,0.022003,-0.310968	1.536625,-0.105517,0.030181	1.553591,-0.328628,0.027014	1.537295,-0.570351,0.064421	1.544641,0.158678,0.025951	1.589747,0.377368,0.040658	1.578199,0.617171,0.090236	12
1.541313,0.029384,0.192727	1.531022,0.028023,0.094958	0.000000,0.000000,0.000000	1.540999,0.026629,0.028310	1.568256,0.022823,-0.153780	1.537781,0.021993,-0.310897	1.536505,-0.105265,0.030283	1.553630,-0.328366,0.027170	1.537202,-0.569764,0.066581	1.544658,0.158632,0.026157	1.589887,0.377242,0.041677	1.578356,0.617215,0.090438	12
1.542077,0.030447,0.192618	1.531022,0.028100,0.094951	0.000000,0.000000,0.000000	1.541008,0.026685,0.028304	1.568262,0.022823,-0.153595	1.537772,0.021987,-0.310825	1.536367,-0.105042,0.030391	1.553672,-0.328133,0.027407	1.537063,-0.569228,0.068583	1.544676,0.158608,0.026360	1.590048,0.377100,0.043077	1.578505,0.617269,0.090867	12
1.542978,0.031219,0.192495	1.531022,0.028153,0.094952	0.000000,0.000000,0.000000	1.541025,0.026721,0.028307	1.568292,0.022819,-0.153361	1.537721,0.021980,-0.310681	1.536236,-0.104862,0.030489	1.553687,-0.327947,0.027777	1.536922,-0.568748,0.070602	1.544695,0.158588,0.026575	1.590218,0.376924,0.044869	1.578594,0.617284,0.091678	12
1.544060,0.031654,0.192349	1.531022,0.028183,0.094956	0.000000,0.000000,0.000000	1.541090,0.026729,0.028321	1.568802,0.022725,-0.155101	1.537015,0.021924,-0.312248	1.536183,-0.105131,0.031521	1.553723,-0.328199,0.028058	1.536720,-0.568723,0.072345	1.544858,0.159332,0.028399	1.590573,0.377619,0.046848	1.578546,0.618104,0.092923	12
1.545269,0.031851,0.192180	1.531022,0.028198,0.094961	0.000000,0.000000,0.000000	1.541177,0.026715,0.028339	1.569510,0.022575,-0.157532	1.535910,0.021834,-0.314293	1.536176,-0.105832,0.033610	1.553789,-0.328855,0.028320	1.536444,-0.569023,0.074375	1.545089,0.160459,0.031244	1.591051,0.378727,0.049327	1.578409,0.619341,0.094572	12
1.546571,0.031914,0.191984	1.531022,0.028204,0.094966	0.000000,0.000000,0.000000	1.541258,0.026691,0.028356	1.570200,0.022415,-0.159965	1.534712,0.021735,-0.316228	1.536177,-0.106390,0.035481	1.553840,-0.329376,0.028811	1.536196,-0.569519,0.074904	1.545292,0.161110,0.033225	1.591428,0.379345,0.051293	1.578401,0.619996,0.096247	12
1.547674,0.031879,0.190748	1.531022,0.028206,0.094971	0.000000,0.000000,0.000000	1.541301,0.026669,0.028368	1.570697,0.022274,-0.162110	1.533760,0.021635,-0.317935	1.536169,-0.106540,0.036423	1.553856,-0.329525,0.029576	1.536605,-0.569941,0.074356	1.545348,0.161231,0.034057	1.591714,0.379386,0.052526	1.578496,0.620186,0.096620	12
1.548720,0.031809,0.189194	1.531022,0.028206,0.094976	0.000000,0.000000,0.000000	1.541308,0.026650,0.028374	1.570999,0.022161,-0.163884	1.533090,0.021540,-0.319380	1.536157,-0.106466,0.036804	1.553854,-0.329468,0.030531	1.536824,-0.570271,0.073252	1.545357,0.161083,0.034265	1.591977,0.379172,0.052893	1.578598,0.620052,0.096516	12
1.549712,0.031732,0.187734	1.531022,0.028206,0.094983	0.000000,0.000000,0.000000	1.541294,0.026635,0.028378	1.571161,0.022069,-0.165297	1.532611,0.021455,-0.320551	1.536142,-0.106303,0.036935	1.553844,-0.329331,0.031621	1.536965,-0.570561,0.071920	1.545355,0.160893,0.034340	1.592249,0.378927,0.052944	1.578744,0.619829,0.096419	12
1.550275,0.031665,0.186623	1.531022,0.028206,0.094993	0.000000,0.000000,0.000000	1.541265,0.026619,0.028384	1.571218,0.021980,-0.166404	1.532269,0.021264,-0.321464	1.536128,-0.106145,0.037056	1.553833,-0.329196,0.032723	1.537052,-0.570804,0.070771	1.545358,0.160692,0.034371	1.592541,0.378677,0.052843	1.578903,0.619573,0.096323	12
1.550495,0.031612,0.185880	1.531022,0.028207,0.095009	0.000000,0.000000,0.000000	1.541230,0.026604,0.028395	1.571211,0.021896,-0.167265	1.532053,0.021028,-0.322178	1.536116,-0.106018,0.037223	1.553827,-0.329088,0.033861	1.537096,-0.571040,0.069717	1.545362,0.160530,0.034457	1.592856,0.378469,0.052691	1.579064,0.619342,0.096261	12
1.550515,0.031572,0.185445	1.531022,0.028208,0.095036	0.000000,0.000000,0.000000	1.541203,0.026589,0.028417	1.571209,0.021818,-0.167923	1.531900,0.020774,-0.322705	1.536103,-0.105942,0.037487	1.553828,-0.329025,0.034974	1.537138,-0.571282,0.068768	1.545370,0.160397,0.034584	1.593197,0.378286,0.052567	1.579250,0.619138,0.096211	12
1.550466,0.031549,0.185373	1.531022,0.028209,0.095237	0.000000,0.000000,0.000000	1.541177,0.026572,0.028614	1.571186,0.021735,-0.168262	1.531836,0.020501,-0.322952	1.536085,-0.105862,0.037866	1.553831,-0.328952,0.035993	1.537176,-0.571463,0.067968	1.545375,0.160231,0.034769	1.593488,0.378082,0.052465	1.579399,0.618912,0.096199	12
1.550402,0.031535,0.185510	1.531022,0.028209,0.095534	0.000000,0.000000,0.000000	1.541147,0.026552,0.028907	1.571130,0.021644,-0.168397	1.531825,0.020215,-0.323025	1.536066,-0.105779,0.038282	1.553837,-0.328871,0.036571	1.537192,-0.571510,0.067609	1.545378,0.160054,0.034980	1.593583,0.377911,0.052386	1.579261,0.618710,0.096224	12
1.550340,0.031526,0.185755	1.531022,0.028209,0.095867	0.000000,0.000000,0.000000	1.541122,0.026531,0.029235	1.571082,0.021556,-0.168409	1.531842,0.020007,-0.322990	1.536055,-0.105664,0.038608	1.553841,-0.328758,0.037033	1.537232,-0.571490,0.067371	1.545380,0.159881,0.035187	1.593602,0.377758,0.052325	1.578807,0.618506,0.096295	12
1.550291,0.031520,0.186047	1.531022,0.028209,0.096198	0.000000,0.000000,0.000000	1.541102,0.026511,0.029563	1.570717,0.021525,-0.166210	1.532450,0.019898,-0.320981	1.536049,-0.105547,0.038879	1.553851,-0.328643,0.037671	1.537282,-0.571503,0.066999	1.545385,0.159728,0.035390	1.593576,0.377631,0.052307	1.578140,0.618298,0.096515	12
1.550254,0.031809,0.186421	1.531022,0.028209,0.096592	0.000000,0.000000,0.000000	1.541149,0.026500,0.029964	1.570822,0.021494,-0.165272	1.532485,0.019915,-0.320066	1.536265,-0.105447,0.039239	1.553826,-0.328566,0.038516	1.537335,-0.571586,0.066524	1.545789,0.160052,0.036768	1.593608,0.378144,0.052202	1.577352,0.618621,0.097154	12
1.550183,0.032102,0.186919	1.531022,0.028209,0.097033	0.000000,0.000000,0.000000	1.541223,0.026487,0.030416	1.571145,0.021437,-0.164992	1.532120,0.019970,-0.319711	1.536393,-0.105462,0.039956	1.553842,-0.328592,0.039485	1.537289,-0.571765,0.066108	1.546195,0.160448,0.038419	1.593649,0.378730,0.052234	1.576732,0.618957,0.098271	12
