joint_position_head	joint_position_neck	joint_position_shoulder	joint_position_spine_top	joint_position_spine_mid	joint_position_spine_bottom	joint_position_left_shoulder	joint_position_left_elbow	joint_position_left_hand	joint_position_right_shoulder	joint_position_right_elbow	joint_position_right_hand	
XYZ order
1.649601,0.038422,0.325580	1.643161,0.035837,0.216167	0.000000,0.000000,0.000000	1.633219,0.032499,0.141743	1.605040,0.023039,-0.069203	1.551355,0.019828,-0.227039	1.651854,-0.114627,0.175418	1.656196,-0.228403,0.397446	1.679117,-0.001821,0.548623	1.652615,0.184201,0.168467	1.650827,0.310623,0.383580	1.691624,0.085455,0.533082	12
1.649568,0.037614,0.321661	1.643121,0.035371,0.212241	0.000000,0.000000,0.000000	1.633109,0.032104,0.137823	1.604774,0.022859,-0.072792	1.550617,0.019743,-0.230223	1.651873,-0.115338,0.172928	1.656187,-0.227843,0.395600	1.679184,-0.001493,0.547112	1.652539,0.184128,0.166230	1.650925,0.309524,0.381944	1.691733,0.085568,0.533250	12
1.649552,0.036524,0.317363	1.643071,0.034728,0.207936	0.000000,0.000000,0.000000	1.633005,0.031568,0.133521	1.604555,0.022634,-0.076788	1.549147,0.019586,-0.235449	1.651885,-0.116079,0.169656	1.656174,-0.227123,0.393059	1.679272,-0.001182,0.545163	1.652427,0.183727,0.163249	1.651046,0.308106,0.379554	1.691915,0.085902,0.533398	12
1.649547,0.035449,0.313563	1.643037,0.033941,0.204134	0.000000,0.000000,0.000000	1.632936,0.030862,0.129720	1.604410,0.022168,-0.080418	1.547752,0.019234,-0.240987	1.652101,-0.116980,0.167145	1.656147,-0.227033,0.391046	1.679438,-0.000283,0.541905	1.652382,0.183160,0.160854	1.651187,0.307264,0.377320	1.692094,0.086272,0.532903	12
1.649578,0.034439,0.310461	1.643022,0.033089,0.201031	0.000000,0.000000,0.000000	1.632951,0.030097,0.126610	1.604488,0.021641,-0.083718	1.547182,0.018852,-0.246411	1.652440,-0.117860,0.165029	1.656112,-0.227360,0.389209	1.679641,0.000994,0.537574	1.652361,0.182343,0.158526	1.651466,0.307276,0.374513	1.692105,0.087247,0.531533	12
1.649673,0.033753,0.307839	1.643016,0.032461,0.198415	0.000000,0.000000,0.000000	1.632982,0.029528,0.123986	1.604567,0.021223,-0.086805	1.546867,0.018562,-0.251423	1.652751,-0.118475,0.163251	1.656157,-0.228545,0.387156	1.679747,0.001981,0.532095	1.652361,0.181480,0.155769	1.651899,0.309171,0.370120	1.691761,0.090015,0.528555	12
1.649794,0.033360,0.305475	1.643016,0.032073,0.196058	0.000000,0.000000,0.000000	1.633020,0.029161,0.121624	1.604635,0.020890,-0.089750	1.547489,0.018372,-0.254276	1.653066,-0.118787,0.161508	1.656278,-0.230427,0.384632	1.679800,0.002607,0.526084	1.652380,0.180313,0.151489	1.652493,0.311337,0.363810	1.691578,0.093192,0.524321	12
1.650579,0.033179,0.302349	1.643017,0.031866,0.194154	0.000000,0.000000,0.000000	1.633135,0.028940,0.119705	1.605003,0.020611,-0.092228	1.548464,0.018245,-0.255764	1.653717,-0.118761,0.159581	1.656362,-0.231026,0.382400	1.680187,0.004406,0.519980	1.652804,0.179645,0.148753	1.653249,0.313346,0.359411	1.692316,0.093008,0.517036	12
1.651771,0.033078,0.300141	1.643088,0.031738,0.192429	0.000000,0.000000,0.000000	1.633322,0.028787,0.117966	1.605461,0.020368,-0.094493	1.549517,0.018153,-0.256790	1.654339,-0.118266,0.155951	1.656469,-0.230288,0.378900	1.680646,0.005305,0.516177	1.653291,0.178927,0.145617	1.654312,0.313128,0.355974	1.694015,0.089611,0.508825	12
1.652870,0.032987,0.297560	1.643337,0.031662,0.189898	0.000000,0.000000,0.000000	1.633599,0.028685,0.115432	1.605772,0.020175,-0.097363	1.550193,0.018093,-0.258380	1.655020,-0.117731,0.151344	1.656808,-0.229237,0.374555	1.681178,0.006309,0.511790	1.653778,0.178393,0.141876	1.655890,0.311592,0.352860	1.696221,0.087409,0.504541	12
1.654204,0.032911,0.295033	1.644181,0.031610,0.187214	0.000000,0.000000,0.000000	1.634294,0.028615,0.112768	1.606017,0.020047,-0.100159	1.550617,0.018053,-0.259952	1.656320,-0.117585,0.148120	1.657194,-0.229426,0.371168	1.681917,0.007257,0.506230	1.654771,0.177946,0.138123	1.658025,0.309621,0.350042	1.699685,0.086455,0.502764	12
1.655664,0.032843,0.292018	1.645356,0.031562,0.183978	0.000000,0.000000,0.000000	1.635212,0.028564,0.109567	1.606182,0.019984,-0.103363	1.550228,0.018010,-0.263913	1.657825,-0.117598,0.144935	1.657942,-0.230214,0.367594	1.682692,0.005724,0.503823	1.656089,0.177516,0.133864	1.660891,0.307352,0.346882	1.702730,0.085645,0.501566	12
1.657221,0.032830,0.288882	1.646728,0.031537,0.180630	0.000000,0.000000,0.000000	1.636275,0.028544,0.106262	1.606344,0.019975,-0.106682	1.549738,0.017980,-0.268856	1.659582,-0.117293,0.140422	1.659213,-0.230100,0.362987	1.684512,0.003075,0.503622	1.657685,0.177533,0.130648	1.664096,0.305937,0.344493	1.705083,0.084441,0.499634	12
1.658710,0.032845,0.285537	1.648177,0.031528,0.177099	0.000000,0.000000,0.000000	1.637392,0.028542,0.102777	1.606474,0.019983,-0.110281	1.549297,0.017959,-0.274257	1.660807,-0.116772,0.134678	1.661153,-0.230963,0.356534	1.687267,-0.001585,0.503008	1.659159,0.177504,0.126838	1.667490,0.304843,0.341256	1.707215,0.083533,0.496927	12
1.660114,0.032868,0.281798	1.649619,0.031526,0.173205	0.000000,0.000000,0.000000	1.638443,0.028533,0.098942	1.606391,0.019949,-0.114038	1.549300,0.017960,-0.277786	1.661326,-0.116603,0.129582	1.664125,-0.230641,0.351495	1.692422,-0.004689,0.502792	1.660235,0.177451,0.122438	1.671065,0.304117,0.337144	1.709971,0.084433,0.495239	12
1.661025,0.032741,0.278078	1.650678,0.031462,0.169355	0.000000,0.000000,0.000000	1.639200,0.028469,0.095138	1.606313,0.019893,-0.117514	1.549520,0.017938,-0.280131	1.661528,-0.117054,0.126676	1.667894,-0.230259,0.348926	1.699219,-0.006018,0.502200	1.660764,0.177888,0.119815	1.674198,0.305752,0.333653	1.711262,0.085908,0.491935	12
1.661450,0.032478,0.274334	1.651469,0.031352,0.165488	0.000000,0.000000,0.000000	1.639746,0.028330,0.091310	1.606233,0.019692,-0.120741	1.549787,0.017782,-0.281974	1.661550,-0.117783,0.124920	1.673145,-0.229576,0.347648	1.703975,-0.005688,0.501550	1.661193,0.178400,0.117819	1.675709,0.308480,0.330240	1.711030,0.086888,0.486419	12
1.661907,0.032251,0.270952	1.652200,0.031262,0.162011	0.000000,0.000000,0.000000	1.640274,0.028202,0.087868	1.606288,0.019482,-0.123436	1.550155,0.017619,-0.283415	1.662127,-0.118349,0.123454	1.675424,-0.229152,0.346612	1.709264,-0.005151,0.499673	1.662490,0.178830,0.116329	1.676073,0.311782,0.327016	1.711091,0.087038,0.478622	12
1.662576,0.032102,0.268634	1.652944,0.031206,0.159633	0.000000,0.000000,0.000000	1.640868,0.028111,0.085515	1.606568,0.019320,-0.125016	1.550857,0.017466,-0.284116	1.663030,-0.118552,0.121993	1.676253,-0.229107,0.345292	1.712165,-0.004008,0.496220	1.664865,0.178913,0.115090	1.675668,0.313433,0.324940	1.711917,0.085072,0.470681	12
1.663250,0.031995,0.266874	1.653684,0.031175,0.157824	0.000000,0.000000,0.000000	1.641504,0.028057,0.083724	1.607004,0.019226,-0.126169	1.551726,0.017299,-0.284639	1.663598,-0.118492,0.120037	1.676593,-0.230026,0.342864	1.712317,-0.001588,0.488627	1.666166,0.178416,0.112138	1.675367,0.313311,0.321840	1.712905,0.083070,0.464333	12
1.663895,0.031911,0.265481	1.654427,0.031160,0.156389	0.000000,0.000000,0.000000	1.642153,0.028024,0.082306	1.607450,0.019160,-0.127133	1.552538,0.017115,-0.285095	1.663968,-0.118013,0.116687	1.676773,-0.231385,0.338589	1.710806,0.000329,0.479479	1.666839,0.177717,0.108586	1.675229,0.312443,0.318441	1.713888,0.081816,0.460053	12
1.664622,0.031863,0.264325	1.655197,0.031155,0.155204	0.000000,0.000000,0.000000	1.642804,0.027999,0.081141	1.607825,0.019093,-0.127904	1.553083,0.016931,-0.285395	1.664308,-0.117784,0.114450	1.676828,-0.231850,0.336017	1.710040,0.000650,0.475886	1.667037,0.176885,0.104766	1.675214,0.310602,0.315275	1.714825,0.081924,0.459707	12
1.665356,0.031979,0.263041	1.655954,0.031154,0.153898	0.000000,0.000000,0.000000	1.643535,0.028010,0.079838	1.608510,0.019142,-0.129031	1.553113,0.016795,-0.287837	1.664942,-0.117771,0.113068	1.676824,-0.231768,0.334707	1.709931,0.001327,0.473641	1.666638,0.176781,0.102882	1.675487,0.309340,0.314093	1.715840,0.082244,0.460791	12
1.666474,0.032091,0.261614	1.656689,0.031154,0.152489	0.000000,0.000000,0.000000	1.644358,0.028023,0.078415	1.609585,0.019193,-0.130471	1.553035,0.016681,-0.291173	1.665581,-0.117955,0.112462	1.676712,-0.231586,0.334328	1.710334,0.002167,0.472029	1.666629,0.177064,0.102236	1.675764,0.308522,0.314123	1.716850,0.082881,0.462851	12
1.667756,0.032206,0.260517	1.657206,0.031155,0.151453	0.000000,0.000000,0.000000	1.645064,0.028036,0.077347	1.610815,0.019236,-0.131687	1.553010,0.016610,-0.294282	1.665882,-0.118124,0.112268	1.676643,-0.231468,0.334300	1.711135,0.002375,0.471626	1.666800,0.177409,0.102338	1.676020,0.308021,0.314744	1.717947,0.083954,0.465602	12
1.668660,0.032319,0.259860	1.657506,0.031156,0.150846	0.000000,0.000000,0.000000	1.645622,0.028045,0.076698	1.612090,0.019268,-0.132535	1.553044,0.016572,-0.296746	1.665986,-0.118210,0.112259	1.676609,-0.231382,0.334386	1.712205,0.002112,0.472009	1.666822,0.177697,0.102790	1.676336,0.307955,0.315401	1.718946,0.084499,0.466985	12
1.669058,0.032370,0.259540	1.657657,0.031156,0.150543	0.000000,0.000000,0.000000	1.645987,0.028052,0.076360	1.613043,0.019287,-0.133048	1.552993,0.016556,-0.298588	1.666030,-0.118278,0.112542	1.676604,-0.231442,0.334674	1.712575,0.001829,0.472571	1.666841,0.178010,0.103705	1.676448,0.307544,0.316753	1.719564,0.083429,0.467207	12
1.668925,0.032371,0.258384	1.657736,0.031157,0.150419	0.000000,0.000000,0.000000	1.646203,0.028056,0.076215	1.613635,0.019299,-0.133332	1.552850,0.016547,-0.299943	1.666026,-0.118327,0.112955	1.676627,-0.231561,0.335050	1.712520,0.001408,0.473471	1.666859,0.178315,0.104834	1.676455,0.307053,0.318364	1.719904,0.081651,0.466770	12
1.668596,0.032359,0.257321	1.657762,0.031157,0.150386	0.000000,0.000000,0.000000	1.646308,0.028066,0.076169	1.613951,0.019335,-0.133489	1.552653,0.016539,-0.300955	1.666008,-0.118344,0.113365	1.676663,-0.231720,0.335385	1.712386,0.000704,0.474755	1.666873,0.178605,0.106063	1.676429,0.306507,0.320096	1.720150,0.079763,0.466356	12
1.668305,0.032357,0.256593	1.657764,0.031157,0.150390	0.000000,0.000000,0.000000	1.646350,0.028079,0.076166	1.614094,0.019382,-0.133583	1.552458,0.016528,-0.301734	1.665983,-0.118318,0.113644	1.676706,-0.231842,0.335585	1.712205,-0.000076,0.476100	1.666877,0.178726,0.106785	1.676400,0.306046,0.321168	1.720054,0.078876,0.466798	12
