joint_position_head	joint_position_neck	joint_position_shoulder	joint_position_spine_top	joint_position_spine_mid	joint_position_spine_bottom	joint_position_left_shoulder	joint_position_left_elbow	joint_position_left_hand	joint_position_right_shoulder	joint_position_right_elbow	joint_position_right_hand	
XYZ order
1.645933,0.037414,0.336137	1.638892,0.034517,0.227278	0.000000,0.000000,0.000000	1.630522,0.032024,0.152628	1.606851,0.024971,-0.058508	1.551241,0.023845,-0.214345	1.649581,-0.116937,0.203274	1.626770,-0.227065,0.426006	1.654734,0.008163,0.574040	1.651700,0.184006,0.193831	1.638168,0.312201,0.407467	1.670209,0.081600,0.561857	12
1.646282,0.037451,0.335577	1.638982,0.034545,0.226632	0.000000,0.000000,0.000000	1.630617,0.032034,0.151982	1.606923,0.024922,-0.059459	1.551443,0.023827,-0.215439	1.649714,-0.116798,0.202483	1.626871,-0.227853,0.424756	1.654821,0.008870,0.570466	1.651476,0.184047,0.193512	1.638509,0.314099,0.406061	1.670423,0.081112,0.556864	12
1.646663,0.037470,0.334978	1.639077,0.034555,0.225972	0.000000,0.000000,0.000000	1.630717,0.032030,0.151322	1.607000,0.024868,-0.060438	1.551523,0.023803,-0.216408	1.649764,-0.116667,0.201493	1.627222,-0.227696,0.423813	1.654792,0.008970,0.569212	1.651330,0.184016,0.192904	1.639007,0.314486,0.405243	1.670565,0.080574,0.554222	12
1.647050,0.037472,0.334348	1.639185,0.034554,0.225297	0.000000,0.000000,0.000000	1.630830,0.032019,0.150647	1.607092,0.024816,-0.061470	1.551554,0.023778,-0.217233	1.649788,-0.116539,0.200331	1.627685,-0.227396,0.422780	1.654795,0.008352,0.569088	1.651271,0.183918,0.191989	1.639663,0.314032,0.404586	1.670587,0.080595,0.553811	12
1.647452,0.037473,0.333933	1.639307,0.034550,0.224851	0.000000,0.000000,0.000000	1.630972,0.032013,0.150199	1.607232,0.024786,-0.062429	1.550925,0.023739,-0.219740	1.649805,-0.116387,0.199135	1.628254,-0.227100,0.421709	1.654853,0.007679,0.569223	1.651270,0.183754,0.190958	1.640348,0.313477,0.403829	1.670509,0.080986,0.554249	12
1.647844,0.037473,0.333717	1.639433,0.034545,0.224613	0.000000,0.000000,0.000000	1.631126,0.031989,0.149958	1.607391,0.024685,-0.063353	1.550084,0.023699,-0.222837	1.649819,-0.116216,0.197947	1.628915,-0.226870,0.420612	1.654933,0.006996,0.569423	1.651298,0.183545,0.189880	1.641077,0.312975,0.402964	1.670467,0.081235,0.554451	12
1.648334,0.037472,0.333613	1.639565,0.034541,0.224504	0.000000,0.000000,0.000000	1.631266,0.031966,0.149849	1.607474,0.024583,-0.064157	1.549247,0.023669,-0.225837	1.649840,-0.116038,0.196765	1.629573,-0.226666,0.419501	1.654987,0.006572,0.569247	1.651348,0.183323,0.188807	1.641899,0.312599,0.402019	1.670438,0.081388,0.554323	12
1.648883,0.037471,0.333566	1.639704,0.034537,0.224465	0.000000,0.000000,0.000000	1.631386,0.031947,0.149812	1.607477,0.024500,-0.064784	1.548363,0.023644,-0.228360	1.649874,-0.115871,0.195648	1.630253,-0.226535,0.418424	1.655071,0.006324,0.568751	1.651407,0.183103,0.187756	1.642749,0.312290,0.401055	1.670437,0.081482,0.554020	12
1.649439,0.037472,0.333545	1.639842,0.034535,0.224458	0.000000,0.000000,0.000000	1.631495,0.031932,0.149809	1.607447,0.024433,-0.065241	1.547602,0.023613,-0.230367	1.649914,-0.115720,0.194612	1.630959,-0.226705,0.417285	1.655349,0.005724,0.568374	1.651464,0.182889,0.186709	1.643536,0.312010,0.400076	1.670525,0.081675,0.553903	12
1.649979,0.037474,0.333528	1.639976,0.034534,0.224460	0.000000,0.000000,0.000000	1.631594,0.031920,0.149816	1.607411,0.024377,-0.065540	1.547007,0.023577,-0.231902	1.649951,-0.115539,0.193373	1.631696,-0.227462,0.415633	1.655708,0.004451,0.567805	1.651521,0.182675,0.185619	1.644288,0.311779,0.399021	1.670717,0.081889,0.553838	12
1.650363,0.037478,0.333520	1.640109,0.034533,0.224462	0.000000,0.000000,0.000000	1.631691,0.031908,0.149822	1.607382,0.024327,-0.065706	1.546566,0.023539,-0.233042	1.649990,-0.115343,0.192017	1.632456,-0.228168,0.413879	1.656283,0.003207,0.567330	1.651576,0.182451,0.184435	1.645138,0.311532,0.397876	1.670920,0.082062,0.553850	12
1.650661,0.037483,0.333514	1.640246,0.034532,0.224460	0.000000,0.000000,0.000000	1.631790,0.031897,0.149824	1.607364,0.024284,-0.065762	1.546261,0.023503,-0.233867	1.650041,-0.115151,0.190627	1.633182,-0.228852,0.412095	1.656990,0.002094,0.566810	1.651632,0.182225,0.183193	1.646121,0.311289,0.396670	1.671085,0.082181,0.553916	12
1.650929,0.037491,0.333504	1.640387,0.034531,0.224454	0.000000,0.000000,0.000000	1.631892,0.031894,0.149823	1.607358,0.024278,-0.065730	1.546062,0.023464,-0.234448	1.650096,-0.114960,0.189198	1.633921,-0.229121,0.410481	1.657963,0.001529,0.566535	1.651690,0.181996,0.181892	1.647248,0.311335,0.395227	1.671204,0.082433,0.553844	12
1.651915,0.037544,0.333406	1.640530,0.034530,0.224438	0.000000,0.000000,0.000000	1.631997,0.031890,0.149811	1.607369,0.024268,-0.065582	1.546082,0.023385,-0.234838	1.651322,-0.114862,0.188477	1.634353,-0.229591,0.409406	1.659072,0.001391,0.566182	1.652369,0.181610,0.180229	1.648226,0.311348,0.393328	1.671438,0.082712,0.553727	12
1.653449,0.037690,0.332971	1.640679,0.034530,0.224158	0.000000,0.000000,0.000000	1.632111,0.031887,0.149536	1.607432,0.024274,-0.065416	1.546505,0.023311,-0.235225	1.652710,-0.114613,0.186937	1.635043,-0.229774,0.407585	1.659453,0.001430,0.565841	1.653203,0.181336,0.178711	1.648500,0.311616,0.391466	1.671959,0.082912,0.553458	12
1.655179,0.037906,0.330723	1.641864,0.034534,0.221973	0.000000,0.000000,0.000000	1.632960,0.031878,0.147391	1.607394,0.024254,-0.066778	1.546801,0.023279,-0.237042	1.653998,-0.114671,0.184480	1.635837,-0.229586,0.405217	1.659723,0.001920,0.565239	1.654230,0.181484,0.176497	1.648431,0.311550,0.389353	1.672711,0.082857,0.553313	12
1.656437,0.038037,0.327098	1.643835,0.034535,0.218267	0.000000,0.000000,0.000000	1.634352,0.031850,0.143757	1.607220,0.024168,-0.069460	1.547549,0.023235,-0.238361	1.654697,-0.115189,0.182278	1.636830,-0.228837,0.403690	1.659942,0.004008,0.564333	1.654856,0.181961,0.173817	1.648355,0.311610,0.386909	1.673439,0.082817,0.552985	12
1.657297,0.038134,0.323370	1.645628,0.034563,0.214436	0.000000,0.000000,0.000000	1.635612,0.031842,0.139998	1.607049,0.024082,-0.072297	1.548346,0.023180,-0.239206	1.655106,-0.115634,0.180144	1.637896,-0.227674,0.402424	1.660385,0.006572,0.563092	1.655191,0.182534,0.171556	1.648385,0.311118,0.385282	1.673843,0.081833,0.552534	12
1.657796,0.038162,0.320166	1.647004,0.034582,0.211139	0.000000,0.000000,0.000000	1.636620,0.031817,0.136752	1.607094,0.023956,-0.074766	1.549093,0.023053,-0.239647	1.655492,-0.116005,0.178622	1.638343,-0.226816,0.401525	1.661201,0.009217,0.560664	1.655335,0.182985,0.169747	1.648503,0.310552,0.384082	1.674157,0.080505,0.551370	12
1.658074,0.038149,0.317704	1.647877,0.034596,0.208613	0.000000,0.000000,0.000000	1.637275,0.031800,0.134258	1.607200,0.023871,-0.076668	1.549717,0.022940,-0.239731	1.655723,-0.115992,0.176284	1.638613,-0.225644,0.399765	1.662226,0.011259,0.557840	1.655345,0.183180,0.167993	1.648705,0.309868,0.382857	1.674470,0.079281,0.549701	12
1.658216,0.038132,0.316168	1.648375,0.034603,0.207040	0.000000,0.000000,0.000000	1.637681,0.031791,0.132698	1.607396,0.023825,-0.077840	1.550349,0.022843,-0.239375	1.655921,-0.115841,0.174314	1.638739,-0.224867,0.398098	1.663352,0.012629,0.554682	1.655294,0.183051,0.166089	1.648964,0.309023,0.381384	1.674851,0.078273,0.547562	12
1.658271,0.038120,0.315383	1.648713,0.034606,0.206226	0.000000,0.000000,0.000000	1.637981,0.031782,0.131891	1.607622,0.023795,-0.078387	1.550919,0.022760,-0.238666	1.656116,-0.115782,0.173521	1.638721,-0.224805,0.397291	1.664448,0.012305,0.552712	1.655277,0.182965,0.165146	1.649224,0.308797,0.380531	1.675309,0.076960,0.543634	12
1.658300,0.038118,0.315056	1.649005,0.034606,0.205875	0.000000,0.000000,0.000000	1.638253,0.031773,0.131543	1.607868,0.023767,-0.078520	1.551472,0.022680,-0.237791	1.656335,-0.115724,0.173183	1.638665,-0.225005,0.396805	1.665709,0.011198,0.551513	1.655277,0.182797,0.164378	1.649532,0.308417,0.379896	1.675748,0.076823,0.541549	12
1.658393,0.038125,0.314928	1.649297,0.034606,0.205731	0.000000,0.000000,0.000000	1.638609,0.031784,0.131389	1.608429,0.023817,-0.078524	1.552123,0.022650,-0.236908	1.656722,-0.115460,0.172118	1.638610,-0.225033,0.395560	1.667137,0.009498,0.550807	1.655444,0.182659,0.163923	1.649913,0.308096,0.379552	1.676327,0.077211,0.540537	12
1.658521,0.038153,0.314660	1.649511,0.034623,0.205456	0.000000,0.000000,0.000000	1.638910,0.031839,0.131100	1.608993,0.023985,-0.078730	1.552898,0.022683,-0.236446	1.656954,-0.115192,0.170909	1.638577,-0.225278,0.394076	1.668807,0.007573,0.550152	1.655547,0.182440,0.162941	1.650440,0.307524,0.378785	1.677099,0.077901,0.540209	12
1.658659,0.038182,0.314254	1.649676,0.034652,0.205048	0.000000,0.000000,0.000000	1.639154,0.031908,0.130679	1.609460,0.024166,-0.079184	1.553696,0.022727,-0.236444	1.657535,-0.114989,0.169928	1.638398,-0.225838,0.392653	1.670795,0.005619,0.549346	1.655694,0.182228,0.161772	1.651135,0.306880,0.377877	1.678044,0.078528,0.540072	12
1.658898,0.038206,0.313752	1.649816,0.034689,0.204553	0.000000,0.000000,0.000000	1.639352,0.031974,0.130176	1.609810,0.024307,-0.079816	1.554350,0.022765,-0.236752	1.658081,-0.114808,0.168922	1.638208,-0.226500,0.391159	1.673004,0.003715,0.548501	1.655841,0.182123,0.160801	1.651939,0.306465,0.377098	1.679370,0.079063,0.539896	12
1.659259,0.038211,0.313170	1.649945,0.034718,0.203990	0.000000,0.000000,0.000000	1.639509,0.032021,0.129608	1.610018,0.024399,-0.080572	1.554759,0.022791,-0.237245	1.658693,-0.114616,0.167699	1.637966,-0.227965,0.389013	1.673894,0.001291,0.547203	1.656099,0.182094,0.159978	1.652750,0.306239,0.376397	1.681153,0.079473,0.539621	12
1.659687,0.038207,0.312545	1.650072,0.034741,0.203391	0.000000,0.000000,0.000000	1.639633,0.032050,0.129009	1.610110,0.024443,-0.081344	1.554935,0.022803,-0.237785	1.659274,-0.114415,0.166289	1.637779,-0.229636,0.386560	1.673836,-0.001065,0.545905	1.656389,0.182104,0.159196	1.653727,0.306492,0.375485	1.683003,0.080048,0.539194	12
1.660537,0.038202,0.311660	1.650244,0.034770,0.202566	0.000000,0.000000,0.000000	1.639788,0.032081,0.128187	1.610208,0.024475,-0.082232	1.555107,0.022832,-0.238492	1.659796,-0.114321,0.165050	1.637577,-0.231646,0.384136	1.673590,-0.003198,0.544533	1.657038,0.181927,0.157566	1.654686,0.307108,0.373399	1.683597,0.080913,0.538355	12
