joint_position_head	joint_position_neck	joint_position_shoulder	joint_position_spine_top	joint_position_spine_mid	joint_position_spine_bottom	joint_position_left_shoulder	joint_position_left_elbow	joint_position_left_hand	joint_position_right_shoulder	joint_position_right_elbow	joint_position_right_hand	
XYZ order
1.819819,0.035444,0.268581	1.797358,0.035492,0.165303	0.000000,0.000000,0.000000	1.760741,0.032687,0.101628	1.643884,0.023738,-0.101583	1.560324,0.022348,-0.243186	1.808274,-0.108862,0.143287	1.811633,-0.206159,0.367057	1.849074,0.030190,0.509761	1.809508,0.180407,0.148167	1.844015,0.273584,0.371058	1.856688,0.056011,0.544669	12
1.820352,0.035421,0.268336	1.797401,0.035284,0.165097	0.000000,0.000000,0.000000	1.760692,0.032462,0.101476	1.643565,0.023458,-0.101515	1.560866,0.021710,-0.243085	1.808219,-0.109046,0.143056	1.811569,-0.207719,0.366228	1.848707,0.028082,0.505478	1.809098,0.180197,0.147895	1.844187,0.273660,0.370575	1.856528,0.057243,0.541973	12
1.820747,0.035396,0.268219	1.797446,0.035071,0.164954	0.000000,0.000000,0.000000	1.760558,0.032244,0.101437	1.642828,0.023220,-0.101280	1.561267,0.021022,-0.243024	1.808183,-0.109272,0.143352	1.811478,-0.208409,0.366323	1.848727,0.026242,0.503731	1.808597,0.179955,0.147619	1.844422,0.273799,0.370020	1.856462,0.059089,0.540522	12
1.821072,0.035367,0.268158	1.797494,0.034857,0.164834	0.000000,0.000000,0.000000	1.760377,0.032023,0.101450	1.641814,0.022970,-0.101020	1.561570,0.020297,-0.243039	1.808194,-0.109499,0.143875	1.811460,-0.208407,0.366947	1.849580,0.026198,0.505865	1.808438,0.179653,0.147317	1.844660,0.274091,0.369403	1.856554,0.059314,0.541192	12
1.821371,0.035339,0.268123	1.797576,0.034650,0.164717	0.000000,0.000000,0.000000	1.760211,0.031807,0.101480	1.640685,0.022712,-0.100807	1.561812,0.019655,-0.243165	1.808231,-0.109705,0.144480	1.811498,-0.207928,0.367852	1.850898,0.025160,0.510880	1.808509,0.179322,0.147045	1.844927,0.274569,0.368752	1.856706,0.059349,0.541649	12
1.821660,0.035318,0.268092	1.797699,0.034506,0.164588	0.000000,0.000000,0.000000	1.760128,0.031642,0.101473	1.639669,0.022461,-0.100879	1.562014,0.018994,-0.243427	1.808276,-0.109780,0.144630	1.811622,-0.207041,0.368418	1.851909,0.023859,0.515321	1.808683,0.179030,0.146676	1.845308,0.275197,0.367951	1.856809,0.059932,0.541342	12
1.821943,0.035302,0.268074	1.797943,0.034402,0.164442	0.000000,0.000000,0.000000	1.760268,0.031510,0.101390	1.639119,0.022212,-0.101362	1.561248,0.018293,-0.245518	1.808342,-0.109789,0.144541	1.811787,-0.206236,0.368680	1.852209,0.023379,0.517327	1.808889,0.178777,0.146240	1.845520,0.275321,0.367351	1.857177,0.060444,0.540989	12
1.822144,0.035289,0.268074	1.798255,0.034315,0.164289	0.000000,0.000000,0.000000	1.760543,0.031396,0.101262	1.638844,0.021978,-0.102134	1.560107,0.017807,-0.248347	1.808407,-0.109768,0.144295	1.812001,-0.205796,0.368612	1.852221,0.023145,0.517781	1.809097,0.178547,0.145793	1.845677,0.275174,0.366877	1.857806,0.060973,0.540807	12
1.822292,0.035281,0.268081	1.798603,0.034233,0.164136	0.000000,0.000000,0.000000	1.760920,0.031293,0.101092	1.640115,0.021866,-0.101014	1.560085,0.017605,-0.249082	1.808483,-0.109736,0.143988	1.812250,-0.205496,0.368417	1.852139,0.023150,0.517487	1.809291,0.178320,0.145275	1.845851,0.275004,0.366337	1.858499,0.061511,0.540546	12
1.822364,0.035278,0.268019	1.798978,0.034145,0.163965	0.000000,0.000000,0.000000	1.761353,0.031177,0.100887	1.642004,0.021763,-0.099200	1.560620,0.017546,-0.248786	1.808563,-0.109709,0.143615	1.812543,-0.205292,0.368116	1.852054,0.023134,0.516794	1.809474,0.178055,0.144479	1.846033,0.274845,0.365494	1.859258,0.062312,0.540124	12
1.822701,0.035160,0.265854	1.799359,0.034022,0.162177	0.000000,0.000000,0.000000	1.761682,0.031044,0.099132	1.642324,0.021610,-0.100590	1.559411,0.017963,-0.251207	1.808926,-0.109753,0.141671	1.812770,-0.204484,0.366534	1.851967,0.023182,0.515377	1.810233,0.177413,0.139871	1.845587,0.273277,0.361477	1.860330,0.064835,0.539889	12
1.823012,0.034935,0.261997	1.799742,0.033874,0.159090	0.000000,0.000000,0.000000	1.761819,0.030893,0.096192	1.641560,0.021440,-0.103262	1.558271,0.018470,-0.253110	1.809382,-0.109941,0.139019	1.813022,-0.203514,0.364368	1.851776,0.023699,0.512988	1.811184,0.176671,0.133626	1.845036,0.271338,0.355975	1.861485,0.068106,0.539278	12
1.823205,0.034657,0.256816	1.800116,0.033713,0.154909	0.000000,0.000000,0.000000	1.761775,0.030729,0.092266	1.640208,0.021268,-0.106349	1.557148,0.019070,-0.254852	1.809806,-0.110020,0.134879	1.813354,-0.201969,0.360896	1.851695,0.023962,0.510154	1.811685,0.176358,0.129010	1.845030,0.270489,0.351671	1.862683,0.070948,0.537813	12
1.823017,0.034368,0.251415	1.800486,0.033551,0.150237	0.000000,0.000000,0.000000	1.761665,0.030564,0.087891	1.638868,0.021115,-0.109320	1.556182,0.019528,-0.256451	1.810657,-0.110292,0.132261	1.813817,-0.201102,0.358745	1.851727,0.024855,0.506613	1.811935,0.176268,0.125320	1.845626,0.271141,0.347617	1.863686,0.074015,0.535179	12
1.822591,0.033939,0.247330	1.800869,0.033394,0.146337	0.000000,0.000000,0.000000	1.761703,0.030417,0.084206	1.638283,0.021035,-0.111582	1.555755,0.019746,-0.257328	1.811810,-0.110586,0.131111	1.814337,-0.201056,0.357742	1.851928,0.026908,0.503155	1.812048,0.176227,0.122651	1.847204,0.274180,0.343356	1.864233,0.076543,0.530948	12
1.822216,0.033424,0.244785	1.801258,0.033239,0.143537	0.000000,0.000000,0.000000	1.761888,0.030284,0.081534	1.638315,0.021009,-0.113077	1.555821,0.019825,-0.257539	1.813231,-0.110790,0.130675	1.814878,-0.201570,0.357190	1.851877,0.027609,0.500653	1.812145,0.176308,0.121920	1.848024,0.275021,0.342183	1.865660,0.075591,0.527641	12
1.821976,0.033014,0.243451	1.801657,0.033090,0.141675	0.000000,0.000000,0.000000	1.762218,0.030167,0.079714	1.638832,0.021025,-0.114129	1.556241,0.019833,-0.257339	1.814749,-0.110916,0.130605	1.815470,-0.202311,0.356876	1.851577,0.026846,0.499557	1.812234,0.176346,0.121764	1.848650,0.275239,0.341867	1.867354,0.073760,0.524133	12
1.821829,0.032812,0.242740	1.802057,0.032943,0.140258	0.000000,0.000000,0.000000	1.762549,0.030053,0.078338	1.639281,0.021037,-0.114856	1.556747,0.019813,-0.257075	1.815883,-0.111052,0.130646	1.816403,-0.203126,0.356644	1.851196,0.025656,0.499531	1.812317,0.176368,0.121813	1.849267,0.274994,0.341949	1.869284,0.072681,0.522594	12
1.821808,0.032732,0.242494	1.802476,0.032825,0.139238	0.000000,0.000000,0.000000	1.762911,0.029963,0.077353	1.639720,0.021049,-0.115330	1.557565,0.019786,-0.256910	1.817125,-0.111134,0.130653	1.817330,-0.204687,0.356039	1.850844,0.024195,0.499712	1.812427,0.176385,0.121846	1.849993,0.274844,0.341954	1.871487,0.071949,0.522297	12
1.821902,0.032714,0.242604	1.802910,0.032698,0.138602	0.000000,0.000000,0.000000	1.763323,0.029871,0.076731	1.640251,0.021080,-0.115621	1.558608,0.019774,-0.256768	1.818105,-0.111234,0.130559	1.818302,-0.205930,0.355468	1.850783,0.023965,0.499150	1.812561,0.176349,0.121812	1.850794,0.274791,0.341813	1.873788,0.071350,0.522464	12
1.822211,0.032722,0.242942	1.803348,0.032616,0.138309	0.000000,0.000000,0.000000	1.763946,0.029828,0.076318	1.641439,0.021160,-0.116424	1.560283,0.019780,-0.257220	1.818366,-0.111336,0.130182	1.819476,-0.207474,0.354475	1.850819,0.024048,0.497754	1.812694,0.176317,0.121714	1.851663,0.274901,0.341522	1.874251,0.070543,0.522749	12
1.822911,0.032739,0.243247	1.803788,0.032571,0.138133	0.000000,0.000000,0.000000	1.764751,0.029827,0.075910	1.643081,0.021272,-0.118029	1.561439,0.019783,-0.260231	1.818289,-0.111312,0.128111	1.821115,-0.207986,0.352159	1.850902,0.024328,0.496634	1.812843,0.176306,0.121556	1.852524,0.275117,0.341133	1.873781,0.069590,0.522897	12
1.823866,0.032803,0.243105	1.804218,0.032551,0.137959	0.000000,0.000000,0.000000	1.765548,0.029832,0.075506	1.644581,0.021325,-0.119865	1.563250,0.019799,-0.262677	1.818169,-0.111038,0.123824	1.822722,-0.206430,0.348389	1.851188,0.024714,0.496473	1.813064,0.176106,0.119583	1.853187,0.274640,0.339206	1.873432,0.069539,0.522778	12
1.825090,0.032894,0.242121	1.804649,0.032543,0.137722	0.000000,0.000000,0.000000	1.766206,0.029837,0.075129	1.645556,0.021347,-0.121320	1.564631,0.019809,-0.264140	1.818043,-0.110466,0.117768	1.824179,-0.203655,0.343214	1.851630,0.025009,0.495449	1.813303,0.175556,0.115067	1.852974,0.273260,0.335137	1.873427,0.070848,0.521772	12
1.826353,0.033017,0.240338	1.805096,0.032543,0.137440	0.000000,0.000000,0.000000	1.766742,0.029842,0.074791	1.646127,0.021348,-0.122222	1.565567,0.019811,-0.264761	1.817987,-0.110313,0.114811	1.825582,-0.202399,0.340671	1.852336,0.025891,0.492502	1.813578,0.175010,0.110771	1.852633,0.272227,0.331168	1.873529,0.072398,0.519616	12
1.828007,0.033160,0.239352	1.805554,0.032546,0.137066	0.000000,0.000000,0.000000	1.767204,0.029856,0.074414	1.646520,0.021391,-0.122743	1.566256,0.019825,-0.264918	1.817971,-0.110362,0.113421	1.826734,-0.202006,0.339422	1.853149,0.026392,0.488965	1.813926,0.174872,0.108716	1.852682,0.272001,0.329206	1.873714,0.073005,0.516790	12
1.829356,0.033349,0.238864	1.806018,0.032551,0.136622	0.000000,0.000000,0.000000	1.767626,0.029878,0.073996	1.646803,0.021466,-0.123089	1.566707,0.019846,-0.264852	1.817979,-0.110504,0.112829	1.826779,-0.202351,0.338749	1.854337,0.025995,0.485649	1.814305,0.174953,0.107916	1.852961,0.272362,0.328301	1.873938,0.072694,0.513162	12
1.830225,0.033510,0.238652	1.806480,0.032558,0.136148	0.000000,0.000000,0.000000	1.768030,0.029905,0.073556	1.647018,0.021555,-0.123435	1.567008,0.019872,-0.264804	1.818060,-0.110642,0.112439	1.826296,-0.203102,0.338128	1.855791,0.024671,0.483783	1.814612,0.175122,0.107689	1.853576,0.273228,0.327709	1.873966,0.071280,0.508687	12
1.830781,0.033658,0.238541	1.806947,0.032564,0.135668	0.000000,0.000000,0.000000	1.768805,0.029927,0.072888	1.648830,0.021630,-0.124579	1.567350,0.019906,-0.264981	1.818185,-0.110751,0.112062	1.825897,-0.203972,0.337456	1.857131,0.023305,0.482750	1.814903,0.175308,0.107694	1.854462,0.275382,0.326712	1.873778,0.070039,0.503284	12
