joint_position_head	joint_position_neck	joint_position_shoulder	joint_position_spine_top	joint_position_spine_mid	joint_position_spine_bottom	joint_position_left_shoulder	joint_position_left_elbow	joint_position_left_hand	joint_position_right_shoulder	joint_position_right_elbow	joint_position_right_hand	
XYZ order
1.623231,-0.015379,0.232982	1.615313,-0.012939,0.130328	0.000000,0.000000,0.000000	1.606833,-0.012031,0.060242	1.583522,-0.009534,-0.132435	1.546623,-0.009483,-0.287890	1.596731,-0.153167,0.054612	1.556273,-0.383375,0.072157	1.493036,-0.407872,0.319798	1.613936,0.127790,0.053285	1.610087,0.362122,0.056985	1.536051,0.399286,0.300012	12
1.623036,-0.015380,0.232967	1.614911,-0.012939,0.130330	0.000000,0.000000,0.000000	1.606466,-0.012032,0.060240	1.583232,-0.009535,-0.132598	1.546528,-0.009483,-0.288030	1.596324,-0.153234,0.054631	1.556409,-0.383536,0.072186	1.492918,-0.407708,0.319798	1.613773,0.127838,0.053267	1.610117,0.362172,0.057030	1.535710,0.399225,0.299965	12
1.623013,-0.015380,0.232949	1.614510,-0.012939,0.130343	0.000000,0.000000,0.000000	1.606101,-0.012033,0.060249	1.582948,-0.009537,-0.132754	1.546432,-0.009484,-0.288144	1.596215,-0.153317,0.054648	1.556451,-0.383647,0.072184	1.492950,-0.407544,0.319824	1.613286,0.127867,0.053256	1.610219,0.362208,0.057077	1.535346,0.399098,0.299896	12
1.623067,-0.015379,0.232929	1.614119,-0.012939,0.130362	0.000000,0.000000,0.000000	1.605744,-0.012034,0.060263	1.582666,-0.009540,-0.132911	1.546336,-0.009484,-0.288240	1.596324,-0.153408,0.054666	1.556418,-0.383714,0.072196	1.493142,-0.407337,0.319921	1.613107,0.127885,0.053255	1.610253,0.362230,0.057078	1.535042,0.398962,0.299820	12
1.623143,-0.015378,0.232908	1.613721,-0.012939,0.130383	0.000000,0.000000,0.000000	1.605384,-0.012035,0.060280	1.582390,-0.009543,-0.133075	1.546241,-0.009484,-0.288327	1.596399,-0.153484,0.054694	1.556389,-0.383770,0.072245	1.493425,-0.407092,0.320080	1.613025,0.127930,0.053330	1.610260,0.362276,0.057152	1.534693,0.398871,0.299806	12
1.623241,-0.015383,0.233174	1.613317,-0.012939,0.130696	0.000000,0.000000,0.000000	1.605031,-0.012038,0.060587	1.582150,-0.009549,-0.133019	1.546196,-0.009485,-0.288190	1.596419,-0.153676,0.055297	1.556331,-0.383991,0.072261	1.493940,-0.406663,0.320301	1.613001,0.127897,0.053608	1.610253,0.362245,0.057327	1.534246,0.398933,0.299830	12
1.623285,-0.015167,0.233637	1.612915,-0.012939,0.131199	0.000000,0.000000,0.000000	1.604654,-0.012040,0.061087	1.581798,-0.009553,-0.132882	1.545930,-0.009484,-0.287996	1.596285,-0.154118,0.056975	1.556238,-0.384559,0.072176	1.494780,-0.405948,0.320561	1.613021,0.129070,0.056736	1.610216,0.363426,0.057054	1.533893,0.398497,0.299694	12
1.623424,-0.014802,0.233128	1.612527,-0.012939,0.131815	0.000000,0.000000,0.000000	1.604262,-0.012040,0.061704	1.581360,-0.009548,-0.132562	1.545486,-0.009483,-0.287762	1.596239,-0.154585,0.059125	1.556110,-0.385141,0.072167	1.495258,-0.405340,0.320802	1.613176,0.129784,0.059436	1.610152,0.364129,0.057069	1.533476,0.398160,0.299748	12
1.623608,-0.013892,0.232569	1.612158,-0.012939,0.132567	0.000000,0.000000,0.000000	1.603911,-0.012039,0.062454	1.581035,-0.009541,-0.132025	1.545056,-0.009482,-0.287440	1.596258,-0.154626,0.060742	1.556072,-0.385241,0.072613	1.496131,-0.404805,0.321523	1.613333,0.130365,0.062233	1.610084,0.364672,0.057249	1.533086,0.397816,0.299952	12
1.623856,-0.013174,0.232270	1.611781,-0.012939,0.133386	0.000000,0.000000,0.000000	1.603576,-0.012039,0.063267	1.580805,-0.009540,-0.131336	1.544668,-0.009482,-0.287047	1.596328,-0.154426,0.062014	1.556082,-0.385062,0.073330	1.497115,-0.404336,0.321670	1.613480,0.130644,0.064596	1.610018,0.364906,0.057591	1.532949,0.397478,0.299501	12
1.624195,-0.012753,0.232235	1.611401,-0.012939,0.134217	0.000000,0.000000,0.000000	1.603288,-0.012043,0.064088	1.580752,-0.009556,-0.130710	1.544451,-0.009482,-0.286652	1.596417,-0.154062,0.062991	1.556131,-0.384691,0.074323	1.497318,-0.404169,0.321641	1.613528,0.130278,0.065667	1.609984,0.364533,0.058279	1.532758,0.397377,0.299031	12
1.624627,-0.012545,0.232349	1.611028,-0.012938,0.135032	0.000000,0.000000,0.000000	1.603030,-0.012051,0.064890	1.580786,-0.009584,-0.130190	1.544361,-0.009483,-0.286258	1.596545,-0.153532,0.063541	1.556218,-0.384120,0.075518	1.496790,-0.404308,0.322385	1.613525,0.129681,0.066172	1.609961,0.363946,0.059097	1.532046,0.397485,0.299279	12
1.625105,-0.012461,0.232575	1.610679,-0.012938,0.135873	0.000000,0.000000,0.000000	1.602802,-0.012061,0.065717	1.580859,-0.009619,-0.129723	1.544369,-0.009483,-0.285826	1.596692,-0.152929,0.063883	1.556326,-0.383426,0.077326	1.495995,-0.404574,0.324048	1.613512,0.129107,0.066651	1.609935,0.363379,0.059894	1.531065,0.397645,0.299819	12
1.625600,-0.012438,0.232845	1.610300,-0.012938,0.136719	0.000000,0.000000,0.000000	1.602554,-0.012072,0.066548	1.580932,-0.009654,-0.129305	1.544414,-0.009484,-0.285378	1.596832,-0.152318,0.064126	1.556442,-0.382704,0.079252	1.495180,-0.404839,0.325963	1.613491,0.128581,0.067142	1.609902,0.362846,0.060208	1.530212,0.398270,0.300008	12
1.626074,-0.012438,0.233104	1.609915,-0.012938,0.137523	0.000000,0.000000,0.000000	1.602298,-0.012083,0.067338	1.580994,-0.009691,-0.128930	1.544465,-0.009485,-0.284928	1.596978,-0.151740,0.064317	1.556554,-0.382001,0.081159	1.494358,-0.405073,0.327876	1.613466,0.128007,0.067417	1.609857,0.362266,0.060314	1.529419,0.399229,0.299964	12
1.626557,-0.012447,0.233310	1.609618,-0.012938,0.138298	0.000000,0.000000,0.000000	1.602103,-0.012093,0.068102	1.581049,-0.009728,-0.128538	1.544522,-0.009487,-0.284437	1.597120,-0.151184,0.064499	1.556667,-0.381297,0.083217	1.493595,-0.405288,0.329911	1.613443,0.127427,0.067603	1.609795,0.361681,0.060364	1.528568,0.400211,0.299797	12
1.626785,-0.012460,0.233560	1.609411,-0.012937,0.139125	0.000000,0.000000,0.000000	1.601974,-0.012104,0.068920	1.581109,-0.009767,-0.128038	1.544605,-0.009488,-0.283827	1.597282,-0.150715,0.064809	1.556759,-0.380666,0.085302	1.492961,-0.405415,0.331969	1.613422,0.126920,0.067877	1.609716,0.361164,0.060382	1.527702,0.400581,0.299645	12
1.627079,-0.012470,0.234956	1.609298,-0.012937,0.140031	0.000000,0.000000,0.000000	1.601915,-0.012115,0.069821	1.581175,-0.009805,-0.127403	1.544706,-0.009490,-0.283066	1.597447,-0.150326,0.065246	1.556839,-0.380096,0.087536	1.492679,-0.405418,0.334233	1.613406,0.126490,0.068255	1.609619,0.360721,0.060400	1.526851,0.400583,0.299519	12
1.627375,-0.012482,0.236831	1.609218,-0.012937,0.140998	0.000000,0.000000,0.000000	1.601882,-0.012122,0.070782	1.581250,-0.009831,-0.126666	1.544822,-0.009492,-0.282182	1.597610,-0.150000,0.065748	1.556913,-0.379584,0.089736	1.492920,-0.405196,0.335959	1.613392,0.126119,0.068685	1.609514,0.360334,0.060425	1.526292,0.400564,0.298822	12
1.627641,-0.012497,0.238861	1.609171,-0.012937,0.142053	0.000000,0.000000,0.000000	1.601874,-0.012128,0.071833	1.581336,-0.009852,-0.125807	1.544963,-0.009494,-0.281156	1.597768,-0.149725,0.066313	1.556975,-0.379216,0.091058	1.493530,-0.404612,0.336725	1.613380,0.125787,0.069147	1.609400,0.359985,0.060460	1.525841,0.400466,0.297952	12
1.627827,-0.012696,0.240851	1.609139,-0.012937,0.143157	0.000000,0.000000,0.000000	1.601865,-0.012122,0.072935	1.581379,-0.009824,-0.124821	1.545060,-0.009451,-0.280068	1.598009,-0.149802,0.067549	1.556925,-0.379337,0.091341	1.493760,-0.403918,0.336428	1.613410,0.126064,0.070824	1.609258,0.360176,0.060254	1.525808,0.400222,0.297098	12
1.627810,-0.012907,0.242917	1.609126,-0.012937,0.144459	0.000000,0.000000,0.000000	1.601870,-0.012123,0.074235	1.581422,-0.009827,-0.123650	1.545127,-0.009511,-0.278855	1.598288,-0.150431,0.070162	1.556729,-0.380161,0.090894	1.493833,-0.402976,0.335678	1.613529,0.126137,0.072467	1.609078,0.360164,0.060240	1.525933,0.399986,0.296671	12
1.627468,-0.013064,0.243963	1.609121,-0.012937,0.145916	0.000000,0.000000,0.000000	1.601886,-0.012128,0.075690	1.581478,-0.009846,-0.122391	1.545216,-0.009591,-0.277605	1.598572,-0.150671,0.072273	1.556647,-0.380559,0.090343	1.493507,-0.402264,0.334893	1.613588,0.126076,0.074073	1.608878,0.360023,0.060430	1.526094,0.399784,0.296713	12
1.626936,-0.013177,0.244792	1.609108,-0.012937,0.147520	0.000000,0.000000,0.000000	1.601903,-0.012136,0.077291	1.581551,-0.009874,-0.121073	1.545341,-0.009673,-0.276334	1.598836,-0.150627,0.073995	1.556657,-0.380644,0.089802	1.492952,-0.402054,0.334165	1.613613,0.125917,0.075621	1.608666,0.359798,0.060932	1.526364,0.399670,0.297294	12
1.626410,-0.013266,0.245487	1.609091,-0.012937,0.149009	0.000000,0.000000,0.000000	1.601922,-0.012143,0.078776	1.581642,-0.009895,-0.119928	1.545490,-0.009721,-0.275239	1.599084,-0.150259,0.074905	1.556793,-0.380347,0.089448	1.492251,-0.402080,0.333628	1.613615,0.125636,0.076717	1.608378,0.359498,0.061799	1.526580,0.399647,0.298356	12
1.625912,-0.013318,0.246320	1.609079,-0.012937,0.150452	0.000000,0.000000,0.000000	1.601947,-0.012149,0.080215	1.581735,-0.009914,-0.118844	1.545657,-0.009751,-0.274203	1.599312,-0.149818,0.075501	1.556966,-0.379952,0.089200	1.491489,-0.402191,0.333253	1.613610,0.125366,0.077638	1.608060,0.359240,0.063044	1.526752,0.399648,0.299898	12
1.625419,-0.013337,0.247544	1.609073,-0.012937,0.152005	0.000000,0.000000,0.000000	1.601979,-0.012154,0.081764	1.581838,-0.009930,-0.117654	1.545861,-0.009767,-0.273063	1.599512,-0.149284,0.075918	1.557089,-0.379438,0.089026	1.490421,-0.402658,0.333093	1.613602,0.125118,0.078573	1.607670,0.359025,0.064708	1.526795,0.399710,0.302105	12
1.625022,-0.013345,0.248509	1.609071,-0.012937,0.153119	0.000000,0.000000,0.000000	1.602001,-0.012157,0.082876	1.581900,-0.009939,-0.116855	1.545983,-0.009774,-0.272299	1.599465,-0.148942,0.076184	1.557199,-0.379145,0.088921	1.489558,-0.403060,0.333150	1.613598,0.125050,0.079307	1.607212,0.359012,0.066645	1.526487,0.399906,0.304566	12
1.624711,-0.013350,0.249126	1.609070,-0.012937,0.153794	0.000000,0.000000,0.000000	1.602011,-0.012158,0.083549	1.581915,-0.009941,-0.116415	1.546020,-0.009776,-0.271894	1.599472,-0.148834,0.076383	1.557259,-0.379058,0.088909	1.490000,-0.402945,0.333130	1.613603,0.125228,0.080021	1.606712,0.359234,0.068500	1.526032,0.400117,0.306320	12
1.624522,-0.013357,0.249512	1.609070,-0.012937,0.154224	0.000000,0.000000,0.000000	1.602012,-0.012158,0.083979	1.581906,-0.009939,-0.116134	1.546011,-0.009776,-0.271662	1.599466,-0.148852,0.076556	1.557272,-0.379086,0.088942	1.490550,-0.402782,0.332701	1.613611,0.125575,0.080803	1.606195,0.359614,0.070300	1.525544,0.400298,0.307518	12
