joint_position_head	joint_position_neck	joint_position_shoulder	joint_position_spine_top	joint_position_spine_mid	joint_position_spine_bottom	joint_position_left_shoulder	joint_position_left_elbow	joint_position_left_hand	joint_position_right_shoulder	joint_position_right_elbow	joint_position_right_hand	
XYZ order
1.859655,0.042153,0.081060	1.835530,0.042479,-0.005291	0.000000,0.000000,0.000000	1.807824,0.037897,-0.065231	1.731078,0.025203,-0.231261	1.651505,0.024528,-0.373514	1.830495,-0.090804,-0.021989	1.848157,-0.187313,0.174644	1.957478,-0.003744,0.285564	1.837063,0.174545,-0.030227	1.900576,0.261468,0.161345	1.949045,0.074425,0.304904	12
1.858738,0.042156,0.083486	1.835577,0.042479,-0.003817	0.000000,0.000000,0.000000	1.807766,0.037911,-0.063709	1.730689,0.025251,-0.229695	1.651572,0.024530,-0.372120	1.830498,-0.090846,-0.019835	1.848260,-0.188384,0.176278	1.957229,-0.003493,0.285320	1.836359,0.174947,-0.026275	1.900866,0.263375,0.164265	1.948319,0.073079,0.303779	12
1.857955,0.042159,0.087169	1.835600,0.042479,-0.001241	0.000000,0.000000,0.000000	1.807767,0.037941,-0.061125	1.730563,0.025354,-0.227233	1.652014,0.024530,-0.369810	1.830501,-0.090802,-0.017174	1.848420,-0.189879,0.178147	1.956872,-0.003433,0.285029	1.835821,0.175068,-0.022734	1.900947,0.265082,0.166853	1.947242,0.071719,0.302495	12
1.857469,0.042158,0.091574	1.835618,0.042479,0.002135	0.000000,0.000000,0.000000	1.807816,0.037980,-0.057766	1.730602,0.025483,-0.224131	1.652672,0.024531,-0.366818	1.830506,-0.090780,-0.013697	1.848602,-0.191685,0.180668	1.956500,-0.003378,0.284806	1.835662,0.174855,-0.020442	1.900376,0.266258,0.168626	1.945645,0.070620,0.301370	12
1.857308,0.042154,0.095825	1.835635,0.042479,0.005740	0.000000,0.000000,0.000000	1.807832,0.038009,-0.054164	1.730533,0.025581,-0.220710	1.653143,0.024534,-0.363406	1.830513,-0.090694,-0.010759	1.848683,-0.193120,0.182806	1.955652,-0.003423,0.285394	1.835575,0.174562,-0.018452	1.899593,0.267276,0.170218	1.945949,0.070949,0.301608	12
1.857367,0.042148,0.099000	1.835640,0.042479,0.008705	0.000000,0.000000,0.000000	1.807779,0.038034,-0.051173	1.730257,0.025666,-0.217777	1.653468,0.024537,-0.360447	1.830520,-0.090582,-0.008972	1.848721,-0.193900,0.184121	1.953942,-0.003300,0.286852	1.835508,0.174149,-0.017822	1.898312,0.267583,0.170900	1.946036,0.070345,0.300430	12
1.857431,0.042145,0.100720	1.835640,0.042479,0.010460	0.000000,0.000000,0.000000	1.807621,0.038051,-0.049345	1.729610,0.025723,-0.215851	1.653502,0.024536,-0.358446	1.830525,-0.090514,-0.008287	1.848670,-0.193943,0.184755	1.951567,-0.002453,0.288177	1.835445,0.173850,-0.017907	1.896951,0.267451,0.171160	1.945389,0.068621,0.297950	12
1.857438,0.042144,0.101415	1.835638,0.042479,0.011288	0.000000,0.000000,0.000000	1.807398,0.038063,-0.048414	1.728725,0.025760,-0.214737	1.653400,0.024536,-0.357284	1.830528,-0.090496,-0.008283	1.848603,-0.193771,0.184847	1.948884,-0.001535,0.289441	1.835376,0.173689,-0.018302	1.896073,0.266707,0.171313	1.945453,0.068243,0.298319	12
1.857421,0.042144,0.101566	1.835635,0.042479,0.011596	0.000000,0.000000,0.000000	1.807220,0.038070,-0.048024	1.728013,0.025779,-0.214217	1.653267,0.024538,-0.356651	1.830530,-0.090522,-0.008555	1.848509,-0.193648,0.184663	1.945625,-0.000566,0.290667	1.835283,0.173602,-0.018887	1.895362,0.265526,0.171455	1.946058,0.068755,0.300526	12
1.857395,0.042144,0.101478	1.835632,0.042479,0.011653	0.000000,0.000000,0.000000	1.807103,0.038073,-0.047913	1.727541,0.025785,-0.214032	1.653181,0.024539,-0.356327	1.830532,-0.090571,-0.008943	1.848417,-0.193624,0.184322	1.942131,0.000257,0.291914	1.835178,0.173549,-0.019563	1.894591,0.264242,0.171576	1.946856,0.069793,0.303480	12
1.857368,0.042145,0.101322	1.835629,0.042479,0.011615	0.000000,0.000000,0.000000	1.807027,0.038075,-0.047916	1.727236,0.025788,-0.213988	1.653091,0.024541,-0.356141	1.830534,-0.090633,-0.009350	1.848302,-0.193604,0.183969	1.939213,0.000797,0.293039	1.835065,0.173526,-0.020195	1.893757,0.262776,0.171843	1.947259,0.070197,0.305993	12
1.857345,0.042146,0.101173	1.835626,0.042479,0.011558	0.000000,0.000000,0.000000	1.806959,0.038077,-0.047942	1.726972,0.025792,-0.213958	1.652981,0.024543,-0.356014	1.830535,-0.090698,-0.009745	1.848183,-0.193585,0.183629	1.937484,0.000866,0.293955	1.834955,0.173539,-0.020688	1.892757,0.261009,0.172435	1.947345,0.069575,0.307807	12
1.857329,0.042146,0.101053	1.835624,0.042479,0.011511	0.000000,0.000000,0.000000	1.806913,0.038078,-0.047967	1.726798,0.025797,-0.213935	1.652864,0.024544,-0.355913	1.830536,-0.090772,-0.010094	1.848060,-0.193593,0.183326	1.937072,0.000444,0.294617	1.834853,0.173517,-0.021314	1.892008,0.259627,0.172616	1.949010,0.069385,0.308675	12
1.857319,0.042147,0.100965	1.835624,0.042479,0.011480	0.000000,0.000000,0.000000	1.806888,0.038079,-0.047987	1.726707,0.025801,-0.213908	1.652665,0.024545,-0.355795	1.830535,-0.090844,-0.010465	1.847851,-0.193573,0.183023	1.937882,-0.000417,0.295013	1.834756,0.173494,-0.021943	1.891795,0.259035,0.172277	1.950542,0.069623,0.308761	12
1.857311,0.042147,0.100901	1.835629,0.042479,0.011462	0.000000,0.000000,0.000000	1.806875,0.038079,-0.047997	1.726659,0.025804,-0.213874	1.652410,0.024546,-0.355686	1.830531,-0.090913,-0.010809	1.847580,-0.193460,0.182799	1.938384,-0.000889,0.295168	1.834672,0.173573,-0.022141	1.891983,0.259013,0.172043	1.952506,0.069928,0.308209	12
1.857305,0.042148,0.100854	1.835636,0.042479,0.011453	0.000000,0.000000,0.000000	1.806874,0.038080,-0.048001	1.726646,0.025808,-0.213840	1.652208,0.024547,-0.355641	1.830526,-0.091005,-0.010951	1.847215,-0.193420,0.182759	1.938725,-0.001291,0.295307	1.834701,0.173700,-0.022109	1.892381,0.259311,0.171889	1.952115,0.069241,0.307014	12
1.857301,0.042148,0.100818	1.835644,0.042479,0.011449	0.000000,0.000000,0.000000	1.806880,0.038080,-0.048004	1.726655,0.025810,-0.213815	1.652281,0.024547,-0.355735	1.830522,-0.091111,-0.010942	1.846660,-0.193457,0.182850	1.939149,-0.001817,0.295428	1.834719,0.173845,-0.021959	1.892781,0.259512,0.171900	1.950918,0.068758,0.306749	12
1.857296,0.042149,0.100791	1.835654,0.042479,0.011448	0.000000,0.000000,0.000000	1.806888,0.038080,-0.048005	1.726672,0.025811,-0.213798	1.652411,0.024546,-0.355851	1.830518,-0.091215,-0.010838	1.845829,-0.193553,0.183024	1.939597,-0.002445,0.295444	1.834723,0.174010,-0.021657	1.893236,0.259603,0.172097	1.951299,0.069651,0.308104	12
1.857291,0.042149,0.100772	1.835663,0.042479,0.011448	0.000000,0.000000,0.000000	1.806898,0.038080,-0.048005	1.726688,0.025812,-0.213789	1.652554,0.024545,-0.355965	1.830515,-0.091306,-0.010701	1.844628,-0.193714,0.183214	1.940643,-0.004033,0.296138	1.834717,0.174177,-0.021264	1.893712,0.259598,0.172420	1.954353,0.073078,0.311921	12
1.857287,0.042150,0.100758	1.835668,0.042479,0.011450	0.000000,0.000000,0.000000	1.806905,0.038080,-0.048003	1.726702,0.025812,-0.213785	1.652642,0.024544,-0.356049	1.830512,-0.091380,-0.010543	1.842880,-0.193892,0.183435	1.942423,-0.006754,0.297502	1.834693,0.174327,-0.020855	1.894277,0.259426,0.172790	1.955916,0.072592,0.311477	12
1.857291,0.042149,0.100784	1.835671,0.042479,0.011499	0.000000,0.000000,0.000000	1.806915,0.038080,-0.047958	1.726731,0.025815,-0.213747	1.652716,0.024544,-0.356078	1.830510,-0.091434,-0.010365	1.840669,-0.194080,0.183667	1.944796,-0.010810,0.299847	1.834664,0.174462,-0.020387	1.894920,0.259051,0.173273	1.955782,0.070868,0.310482	12
1.857300,0.042149,0.100827	1.835672,0.042479,0.011577	0.000000,0.000000,0.000000	1.806926,0.038082,-0.047885	1.726769,0.025820,-0.213689	1.652772,0.024544,-0.356067	1.830508,-0.091470,-0.010174	1.837910,-0.194270,0.183899	1.945346,-0.013206,0.300594	1.834628,0.174579,-0.019900	1.895550,0.258345,0.173908	1.955150,0.069071,0.310183	12
1.857280,0.042127,0.100914	1.835673,0.042479,0.011677	0.000000,0.000000,0.000000	1.806916,0.038075,-0.047779	1.726702,0.025792,-0.213620	1.652709,0.024534,-0.356068	1.830475,-0.091585,-0.008888	1.835288,-0.195005,0.184940	1.944292,-0.013632,0.299727	1.834515,0.174774,-0.018657	1.896419,0.257691,0.175205	1.954642,0.066933,0.310001	12
1.857036,0.042104,0.101146	1.835673,0.042479,0.011784	0.000000,0.000000,0.000000	1.806880,0.038066,-0.047654	1.726521,0.025750,-0.213538	1.652373,0.024501,-0.356036	1.830445,-0.091630,-0.007671	1.832472,-0.195673,0.185875	1.943492,-0.013877,0.298026	1.834410,0.174916,-0.017377	1.897259,0.256862,0.176594	1.953762,0.064943,0.310480	12
1.856681,0.042088,0.101529	1.835673,0.042479,0.011897	0.000000,0.000000,0.000000	1.806841,0.038057,-0.047522	1.726317,0.025708,-0.213468	1.652015,0.024473,-0.356082	1.830418,-0.091623,-0.006553	1.830956,-0.196245,0.186699	1.942423,-0.013111,0.296198	1.834317,0.175020,-0.016076	1.897848,0.256800,0.177744	1.952897,0.063794,0.310678	12
1.856363,0.042093,0.102301	1.835673,0.042477,0.012403	0.000000,0.000000,0.000000	1.806824,0.038050,-0.047007	1.726200,0.025678,-0.213043	1.651826,0.024451,-0.355894	1.830408,-0.091529,-0.005636	1.829842,-0.196657,0.187345	1.940499,-0.011118,0.293537	1.834226,0.174988,-0.014975	1.898161,0.257009,0.178611	1.952507,0.063525,0.311148	12
1.856069,0.042102,0.103307	1.835673,0.042471,0.013220	0.000000,0.000000,0.000000	1.806833,0.038043,-0.046195	1.726186,0.025659,-0.212341	1.651787,0.024428,-0.355525	1.830403,-0.091390,-0.004845	1.829447,-0.196994,0.187875	1.939142,-0.009531,0.291679	1.834128,0.174867,-0.014018	1.898384,0.257282,0.179295	1.952363,0.064020,0.312306	12
1.855785,0.042108,0.104341	1.835672,0.042463,0.014164	0.000000,0.000000,0.000000	1.806849,0.038034,-0.045259	1.726222,0.025646,-0.211476	1.651833,0.024404,-0.355075	1.830405,-0.091236,-0.004183	1.829438,-0.197336,0.188261	1.938698,-0.009469,0.291822	1.834030,0.174701,-0.013225	1.898547,0.257547,0.179816	1.951657,0.065123,0.314368	12
1.855514,0.042111,0.105352	1.835672,0.042455,0.015182	0.000000,0.000000,0.000000	1.806874,0.038027,-0.044252	1.726311,0.025640,-0.210522	1.651935,0.024380,-0.354585	1.830411,-0.091039,-0.003864	1.829578,-0.197493,0.188384	1.938248,-0.009973,0.293180	1.833930,0.174545,-0.012397	1.898684,0.257785,0.180396	1.950713,0.065829,0.316037	12
