joint_position_head	joint_position_neck	joint_position_shoulder	joint_position_spine_top	joint_position_spine_mid	joint_position_spine_bottom	joint_position_left_shoulder	joint_position_left_elbow	joint_position_left_hand	joint_position_right_shoulder	joint_position_right_elbow	joint_position_right_hand	
XYZ order
1.815152,0.044420,0.260906	1.793444,0.044276,0.165047	0.000000,0.000000,0.000000	1.769842,0.040799,0.100733	1.704356,0.031151,-0.077713	1.619801,0.029663,-0.223512	1.790560,-0.087513,0.147601	1.795860,-0.195172,0.348208	1.834732,0.005428,0.491258	1.795635,0.175343,0.142737	1.830958,0.261652,0.350498	1.851649,0.067222,0.505363	12
1.815142,0.044420,0.260895	1.793444,0.044276,0.165062	0.000000,0.000000,0.000000	1.769846,0.040811,0.100746	1.704159,0.031167,-0.078285	1.619838,0.029721,-0.223499	1.790758,-0.087476,0.147606	1.795786,-0.195145,0.348215	1.834616,0.005942,0.490608	1.795402,0.175305,0.142741	1.831176,0.262250,0.350159	1.851429,0.067866,0.505157	12
1.815133,0.044420,0.260883	1.793444,0.044276,0.165073	0.000000,0.000000,0.000000	1.769836,0.040819,0.100760	1.703920,0.031167,-0.078803	1.619874,0.029780,-0.223467	1.790964,-0.087444,0.147611	1.795708,-0.195144,0.348210	1.834613,0.006082,0.490401	1.795144,0.175272,0.142746	1.831360,0.262717,0.349877	1.851287,0.068932,0.505675	12
1.815132,0.044420,0.260903	1.793444,0.044276,0.165123	0.000000,0.000000,0.000000	1.769817,0.040824,0.100817	1.703678,0.031160,-0.079190	1.619930,0.029824,-0.223392	1.791151,-0.087410,0.147617	1.795629,-0.195149,0.348201	1.834668,0.006050,0.490405	1.794769,0.175236,0.142751	1.831313,0.262438,0.349928	1.851345,0.069576,0.506862	12
1.815132,0.044420,0.260915	1.793445,0.044276,0.165168	0.000000,0.000000,0.000000	1.769771,0.040827,0.100879	1.703366,0.031151,-0.079450	1.619985,0.029858,-0.223310	1.791339,-0.087379,0.147622	1.795544,-0.195154,0.348193	1.834785,0.005872,0.490594	1.794349,0.175205,0.142756	1.831138,0.261770,0.350155	1.851523,0.069881,0.508240	12
1.815135,0.044420,0.260900	1.793445,0.044276,0.165194	0.000000,0.000000,0.000000	1.769705,0.040828,0.100929	1.703012,0.031143,-0.079609	1.620039,0.029877,-0.223225	1.791517,-0.087354,0.147626	1.795442,-0.195106,0.348215	1.834987,0.005784,0.490730	1.793904,0.175178,0.142760	1.831097,0.261381,0.350239	1.851651,0.069556,0.508390	12
1.815139,0.044420,0.260868	1.793445,0.044276,0.165209	0.000000,0.000000,0.000000	1.769629,0.040830,0.100973	1.702649,0.031138,-0.079687	1.620091,0.029886,-0.223124	1.791696,-0.087333,0.147629	1.795305,-0.195041,0.348248	1.835152,0.005979,0.490503	1.793465,0.175155,0.142764	1.831148,0.261206,0.350218	1.851688,0.069405,0.508408	12
1.815150,0.044422,0.260817	1.793444,0.044276,0.165220	0.000000,0.000000,0.000000	1.769628,0.040815,0.100984	1.702640,0.031079,-0.079691	1.620260,0.029860,-0.223013	1.792173,-0.087362,0.147974	1.795076,-0.195198,0.348535	1.835284,0.006149,0.490228	1.793252,0.175128,0.142737	1.831168,0.261094,0.350183	1.851725,0.069360,0.508455	12
1.815162,0.044429,0.260742	1.793444,0.044276,0.165226	0.000000,0.000000,0.000000	1.769639,0.040788,0.100988	1.702781,0.030990,-0.079434	1.620316,0.029820,-0.222809	1.792438,-0.087361,0.148084	1.794915,-0.195216,0.348640	1.835364,0.006269,0.490072	1.793183,0.175108,0.142725	1.831169,0.261027,0.350178	1.851770,0.069332,0.508495	12
1.815174,0.044438,0.260645	1.793444,0.044276,0.165229	0.000000,0.000000,0.000000	1.769671,0.040749,0.100981	1.703131,0.030878,-0.078845	1.620330,0.029764,-0.222544	1.792520,-0.087344,0.148067	1.794807,-0.195148,0.348653	1.835458,0.006288,0.490101	1.793182,0.175090,0.142712	1.831190,0.261081,0.350132	1.851988,0.069452,0.508506	12
1.815184,0.044446,0.260529	1.793444,0.044276,0.165230	0.000000,0.000000,0.000000	1.769649,0.040707,0.100993	1.703411,0.030771,-0.077829	1.620258,0.029726,-0.222220	1.792440,-0.087320,0.147994	1.794743,-0.195044,0.348624	1.835559,0.006319,0.490130	1.793209,0.175074,0.142701	1.831285,0.261328,0.349999	1.852345,0.069799,0.508461	12
1.815189,0.044451,0.260400	1.793444,0.044276,0.165231	0.000000,0.000000,0.000000	1.769565,0.040685,0.101026	1.703465,0.030746,-0.076699	1.620225,0.029698,-0.221955	1.792297,-0.087313,0.148036	1.794793,-0.194980,0.348693	1.835653,0.006399,0.490166	1.793242,0.175062,0.142698	1.831326,0.261484,0.349925	1.852864,0.069740,0.508063	12
1.815198,0.044455,0.260256	1.793444,0.044276,0.165231	0.000000,0.000000,0.000000	1.769464,0.040682,0.101063	1.703389,0.030778,-0.075748	1.620244,0.029692,-0.221768	1.792258,-0.087313,0.148124	1.794860,-0.194926,0.348810	1.835687,0.006519,0.490199	1.793275,0.175051,0.142700	1.831344,0.261577,0.349886	1.853586,0.070091,0.508240	12
1.815210,0.044458,0.260094	1.793444,0.044276,0.165231	0.000000,0.000000,0.000000	1.769368,0.040687,0.101099	1.703225,0.030827,-0.075081	1.620284,0.029699,-0.221657	1.792303,-0.087326,0.148297	1.794918,-0.194909,0.348998	1.835711,0.006675,0.490199	1.793307,0.175041,0.142696	1.831410,0.261586,0.349868	1.855027,0.071124,0.509247	12
1.815220,0.044460,0.259923	1.793444,0.044276,0.165231	0.000000,0.000000,0.000000	1.769323,0.040693,0.101116	1.703164,0.030866,-0.074736	1.620325,0.029712,-0.221611	1.792392,-0.087330,0.148383	1.794924,-0.194865,0.349111	1.835753,0.006789,0.490203	1.793335,0.175032,0.142691	1.831526,0.261563,0.349852	1.854819,0.068518,0.506096	12
1.815228,0.044460,0.259743	1.793444,0.044276,0.165231	0.000000,0.000000,0.000000	1.769308,0.040698,0.101121	1.703145,0.030888,-0.074621	1.620342,0.029722,-0.221632	1.792504,-0.087330,0.148438	1.794921,-0.194803,0.349200	1.835821,0.006931,0.490160	1.793360,0.175022,0.142681	1.831659,0.261527,0.349833	1.854255,0.067001,0.504354	12
1.815236,0.044461,0.259555	1.793444,0.044276,0.165232	0.000000,0.000000,0.000000	1.769309,0.040701,0.101121	1.703130,0.030898,-0.074667	1.620326,0.029729,-0.221720	1.792619,-0.087329,0.148475	1.794932,-0.194734,0.349275	1.835912,0.007246,0.489857	1.793381,0.175014,0.142669	1.831824,0.261501,0.349802	1.853397,0.066218,0.503535	12
1.815230,0.044461,0.259377	1.793444,0.044276,0.165232	0.000000,0.000000,0.000000	1.769332,0.040706,0.101113	1.703150,0.030906,-0.074872	1.620277,0.029732,-0.221856	1.792725,-0.087325,0.148480	1.794986,-0.194645,0.349326	1.835993,0.007644,0.489455	1.793452,0.175004,0.142647	1.832018,0.261544,0.349735	1.852358,0.066205,0.503576	12
1.815213,0.044462,0.259221	1.793444,0.044276,0.165232	0.000000,0.000000,0.000000	1.769402,0.040733,0.101085	1.703218,0.030979,-0.075505	1.620204,0.029731,-0.221973	1.792756,-0.087320,0.148470	1.795066,-0.194565,0.349355	1.836157,0.007828,0.489312	1.793468,0.174995,0.142617	1.832253,0.261633,0.349623	1.852165,0.065621,0.502666	12
1.815193,0.044463,0.259088	1.793444,0.044276,0.165232	0.000000,0.000000,0.000000	1.769548,0.040778,0.101029	1.703378,0.031092,-0.076760	1.620133,0.029727,-0.222039	1.792750,-0.087314,0.148450	1.795210,-0.194481,0.349376	1.836428,0.007894,0.489321	1.793451,0.174986,0.142584	1.832528,0.261769,0.349474	1.852499,0.064545,0.500939	12
1.815175,0.044464,0.258976	1.793444,0.044276,0.165233	0.000000,0.000000,0.000000	1.769795,0.040846,0.100934	1.703659,0.031253,-0.078894	1.620512,0.029730,-0.222537	1.792724,-0.087308,0.148425	1.795407,-0.194400,0.349387	1.836693,0.007964,0.489329	1.793424,0.174977,0.142547	1.832893,0.262024,0.349252	1.853115,0.063074,0.498399	12
1.815160,0.044464,0.258880	1.793444,0.044276,0.165232	0.000000,0.000000,0.000000	1.770072,0.040921,0.100829	1.703814,0.031411,-0.081772	1.621552,0.029753,-0.224045	1.792686,-0.087303,0.148397	1.795646,-0.194396,0.349355	1.837022,0.007967,0.489274	1.793376,0.174969,0.142509	1.833305,0.262297,0.349007	1.853943,0.060748,0.494539	12
1.815165,0.044488,0.258732	1.793444,0.044276,0.165232	0.000000,0.000000,0.000000	1.770251,0.040968,0.100761	1.703556,0.031454,-0.084650	1.622515,0.029788,-0.226277	1.792624,-0.087148,0.146886	1.795851,-0.193793,0.348078	1.837437,0.007485,0.489480	1.793339,0.174540,0.139986	1.833274,0.261627,0.346584	1.855065,0.061239,0.493551	12
1.815171,0.044536,0.258554	1.793444,0.044276,0.165231	0.000000,0.000000,0.000000	1.770252,0.040983,0.100758	1.702757,0.031398,-0.086861	1.622494,0.029808,-0.228389	1.792530,-0.086884,0.144397	1.796075,-0.192761,0.345987	1.838606,0.006881,0.489401	1.793328,0.174071,0.137148	1.833192,0.260954,0.343845	1.856376,0.062918,0.493731	12
1.815177,0.044594,0.258357	1.793444,0.044276,0.165230	0.000000,0.000000,0.000000	1.770138,0.040977,0.100799	1.701746,0.031296,-0.088249	1.621726,0.029811,-0.229994	1.792497,-0.086604,0.141674	1.796351,-0.191603,0.343717	1.841656,0.006712,0.488113	1.793333,0.173627,0.134352	1.833130,0.260113,0.341229	1.857917,0.064957,0.494583	12
1.815187,0.044665,0.258145	1.793444,0.044276,0.165229	0.000000,0.000000,0.000000	1.769819,0.040936,0.100917	1.700310,0.031108,-0.088282	1.620151,0.029794,-0.230499	1.792501,-0.086472,0.139688	1.796639,-0.190869,0.342039	1.846236,0.007462,0.484969	1.793347,0.173435,0.132553	1.833298,0.259586,0.339540	1.859946,0.066408,0.495107	12
1.815202,0.044743,0.257917	1.793446,0.044276,0.165228	0.000000,0.000000,0.000000	1.769507,0.040891,0.101034	1.699209,0.030952,-0.087475	1.618625,0.029777,-0.230162	1.792564,-0.086546,0.138847	1.796736,-0.191385,0.340968	1.849225,0.007191,0.482674	1.793367,0.173306,0.131126	1.833630,0.259076,0.338211	1.862682,0.067577,0.495554	12
1.815223,0.044835,0.257668	1.793448,0.044276,0.165226	0.000000,0.000000,0.000000	1.769379,0.040871,0.101082	1.698939,0.030905,-0.086646	1.617914,0.029768,-0.229719	1.792647,-0.086628,0.138393	1.796809,-0.192394,0.340029	1.850632,0.006204,0.481276	1.793385,0.173227,0.130168	1.834295,0.258658,0.337265	1.865634,0.068516,0.495866	12
1.815352,0.045095,0.257264	1.793451,0.044279,0.165210	0.000000,0.000000,0.000000	1.769372,0.040868,0.101070	1.699139,0.030918,-0.086014	1.617738,0.029767,-0.229356	1.792748,-0.086663,0.138093	1.796867,-0.193466,0.339182	1.851587,0.004831,0.480515	1.793407,0.173123,0.129408	1.835235,0.258274,0.336437	1.868465,0.069240,0.495985	12
1.815705,0.045438,0.256673	1.793454,0.044284,0.165185	0.000000,0.000000,0.000000	1.769447,0.040871,0.101017	1.699627,0.030944,-0.085604	1.617859,0.029768,-0.229087	1.792858,-0.086700,0.137936	1.796915,-0.193870,0.338833	1.852567,0.003862,0.480570	1.793431,0.173157,0.129236	1.836481,0.258098,0.336099	1.872379,0.069663,0.495755	12
