joint_position_head	joint_position_neck	joint_position_shoulder	joint_position_spine_top	joint_position_spine_mid	joint_position_spine_bottom	joint_position_left_shoulder	joint_position_left_elbow	joint_position_left_hand	joint_position_right_shoulder	joint_position_right_elbow	joint_position_right_hand	
XYZ order
1.561399,-0.005328,0.261612	1.575708,-0.006254,0.160437	0.000000,0.000000,0.000000	1.583243,-0.005921,0.090790	1.604086,-0.005002,-0.101849	1.571091,-0.001424,-0.258771	1.572031,-0.143286,0.078008	1.533939,-0.367641,0.030030	1.409145,-0.583106,0.110018	1.592603,0.130818,0.079742	1.577826,0.357578,0.030244	1.508000,0.606037,0.072497	12
1.562132,-0.005614,0.261612	1.575725,-0.006253,0.160338	0.000000,0.000000,0.000000	1.583467,-0.005887,0.090714	1.604882,-0.004874,-0.101878	1.571205,-0.001359,-0.258644	1.573947,-0.143338,0.078123	1.533325,-0.367270,0.030292	1.409364,-0.583661,0.109624	1.593101,0.130801,0.079892	1.577733,0.357478,0.030198	1.507788,0.606086,0.072388	12
1.563556,-0.005984,0.261713	1.575739,-0.006253,0.160264	0.000000,0.000000,0.000000	1.583630,-0.005854,0.090657	1.605462,-0.004749,-0.101921	1.571262,-0.001311,-0.258581	1.577821,-0.143387,0.078358	1.532505,-0.366440,0.030769	1.409805,-0.584158,0.108892	1.593793,0.130752,0.080054	1.577612,0.357333,0.030185	1.507586,0.606100,0.072210	12
1.565497,-0.006439,0.261853	1.575751,-0.006253,0.160197	0.000000,0.000000,0.000000	1.583762,-0.005831,0.090604	1.605932,-0.004662,-0.101989	1.571300,-0.001284,-0.258574	1.580299,-0.143439,0.078606	1.532087,-0.365917,0.031077	1.410030,-0.584395,0.108471	1.594145,0.130681,0.080106	1.577566,0.357232,0.030227	1.507380,0.606124,0.071963	12
1.568225,-0.006966,0.262017	1.575760,-0.006253,0.160136	0.000000,0.000000,0.000000	1.583877,-0.005814,0.090556	1.606349,-0.004601,-0.102065	1.571326,-0.001270,-0.258597	1.582114,-0.143525,0.078939	1.531900,-0.365561,0.031326	1.410168,-0.584494,0.108157	1.594584,0.130620,0.080202	1.577531,0.357133,0.030310	1.507219,0.606122,0.071661	12
1.572633,-0.007304,0.262076	1.575768,-0.006253,0.160003	0.000000,0.000000,0.000000	1.583935,-0.005805,0.090428	1.606550,-0.004567,-0.102231	1.571320,-0.001261,-0.258752	1.583274,-0.143550,0.079083	1.531734,-0.365284,0.031438	1.410359,-0.584583,0.108002	1.594781,0.130592,0.080223	1.577515,0.357091,0.030335	1.507031,0.606153,0.071356	12
1.577594,-0.007485,0.261898	1.575776,-0.006252,0.159805	0.000000,0.000000,0.000000	1.583949,-0.005793,0.090231	1.606587,-0.004523,-0.102469	1.571277,-0.001253,-0.259003	1.583715,-0.143560,0.079092	1.531690,-0.365195,0.031505	1.410413,-0.584660,0.107925	1.594855,0.130590,0.080193	1.577525,0.357086,0.030317	1.506799,0.606179,0.071079	12
1.583075,-0.007562,0.261428	1.575788,-0.006252,0.159576	0.000000,0.000000,0.000000	1.583946,-0.005777,0.090001	1.606547,-0.004462,-0.102734	1.571222,-0.001247,-0.259287	1.583877,-0.143560,0.079038	1.531716,-0.365182,0.031544	1.410342,-0.584822,0.107918	1.594873,0.130601,0.080142	1.577548,0.357100,0.030277	1.506729,0.606390,0.070833	12
1.587096,-0.007592,0.260882	1.575814,-0.006251,0.159334	0.000000,0.000000,0.000000	1.583948,-0.005759,0.089756	1.606484,-0.004395,-0.103007	1.571166,-0.001240,-0.259576	1.583956,-0.143561,0.078964	1.531761,-0.365194,0.031576	1.410157,-0.585207,0.107972	1.594873,0.130620,0.080081	1.577554,0.357110,0.030173	1.506752,0.606860,0.070672	12
1.589471,-0.007605,0.260357	1.575877,-0.006251,0.159041	0.000000,0.000000,0.000000	1.583978,-0.005738,0.089460	1.606423,-0.004315,-0.103320	1.571099,-0.001233,-0.259896	1.584021,-0.143570,0.078849	1.531805,-0.365224,0.031598	1.409830,-0.585876,0.108117	1.594873,0.130660,0.080003	1.577567,0.357145,0.030069	1.507107,0.607783,0.070513	12
1.590629,-0.007614,0.259903	1.575992,-0.006250,0.158719	0.000000,0.000000,0.000000	1.584035,-0.005716,0.089131	1.606318,-0.004236,-0.103659	1.571026,-0.001225,-0.260241	1.584099,-0.143588,0.078722	1.531804,-0.365252,0.031610	1.409602,-0.586715,0.108221	1.594881,0.130709,0.079904	1.577579,0.357180,0.029908	1.507270,0.608691,0.070490	12
1.591040,-0.007625,0.259535	1.576234,-0.006250,0.158387	0.000000,0.000000,0.000000	1.584178,-0.005687,0.088788	1.606185,-0.004128,-0.104007	1.570950,-0.001217,-0.260594	1.584189,-0.143613,0.078590	1.531786,-0.365279,0.031614	1.409537,-0.587593,0.108224	1.594900,0.130770,0.079797	1.577605,0.357223,0.029716	1.507215,0.609444,0.070552	12
1.591037,-0.007619,0.259254	1.576696,-0.006249,0.158058	0.000000,0.000000,0.000000	1.584479,-0.005648,0.088442	1.606034,-0.003981,-0.104362	1.570865,-0.001209,-0.260949	1.584305,-0.143644,0.078461	1.531759,-0.365302,0.031613	1.409307,-0.588248,0.108340	1.594935,0.130848,0.079686	1.577654,0.357275,0.029478	1.507127,0.610103,0.070587	12
1.590689,-0.007606,0.259024	1.577279,-0.006247,0.157719	0.000000,0.000000,0.000000	1.584891,-0.005547,0.088084	1.605951,-0.003611,-0.104559	1.570886,-0.001119,-0.261154	1.584542,-0.143557,0.078175	1.531734,-0.365229,0.031685	1.409035,-0.588750,0.108395	1.595382,0.130961,0.079741	1.577697,0.357284,0.029214	1.507094,0.610670,0.070592	12
1.590145,-0.007582,0.258820	1.578103,-0.006242,0.157356	0.000000,0.000000,0.000000	1.585496,-0.005408,0.087700	1.605901,-0.003109,-0.104536	1.570996,-0.000984,-0.261156	1.584900,-0.143401,0.077809	1.531711,-0.365067,0.031730	1.408880,-0.589100,0.108385	1.596076,0.131067,0.079831	1.577820,0.357259,0.028922	1.507041,0.611049,0.070578	12
1.589511,-0.007547,0.258640	1.579089,-0.006228,0.157003	0.000000,0.000000,0.000000	1.586228,-0.005244,0.087322	1.605861,-0.002540,-0.104296	1.571139,-0.000815,-0.260955	1.585315,-0.143171,0.077407	1.531705,-0.364828,0.031779	1.408838,-0.589312,0.108286	1.596895,0.131251,0.080126	1.578054,0.357248,0.028565	1.507010,0.611277,0.070568	12
1.589065,-0.007520,0.258554	1.580369,-0.006210,0.156757	0.000000,0.000000,0.000000	1.587177,-0.005078,0.087045	1.606038,-0.001939,-0.106144	1.570839,-0.000628,-0.262710	1.585781,-0.142967,0.077157	1.531707,-0.364555,0.031737	1.408919,-0.589397,0.108184	1.597853,0.131313,0.080273	1.578454,0.357149,0.028215	1.507027,0.611288,0.070480	12
1.588763,-0.007504,0.258494	1.581910,-0.006191,0.156554	0.000000,0.000000,0.000000	1.588308,-0.004922,0.086806	1.606239,-0.001360,-0.108790	1.570357,-0.000445,-0.265158	1.586265,-0.142778,0.076941	1.531727,-0.364280,0.031656	1.409179,-0.589466,0.107980	1.598869,0.131316,0.080279	1.579099,0.357007,0.027729	1.507025,0.611068,0.070271	12
1.588450,-0.007495,0.258406	1.583833,-0.006171,0.156342	0.000000,0.000000,0.000000	1.589717,-0.004776,0.086551	1.606404,-0.000814,-0.111543	1.569846,-0.000265,-0.267632	1.586758,-0.142615,0.076717	1.531788,-0.364010,0.031429	1.409679,-0.589577,0.107678	1.599947,0.131346,0.080212	1.580091,0.356828,0.026808	1.506950,0.610572,0.070031	12
1.588539,-0.007566,0.258267	1.586450,-0.006157,0.156123	0.000000,0.000000,0.000000	1.591656,-0.004683,0.086281	1.606581,-0.000456,-0.114070	1.569398,-0.000134,-0.269862	1.587999,-0.142602,0.076551	1.531797,-0.363562,0.030668	1.410964,-0.589840,0.107299	1.601786,0.131172,0.079588	1.581507,0.356325,0.024978	1.506857,0.609464,0.069921	12
1.588911,-0.007673,0.258052	1.589498,-0.006146,0.155889	0.000000,0.000000,0.000000	1.593924,-0.004627,0.085994	1.606725,-0.000232,-0.116248	1.569018,-0.000036,-0.271770	1.589650,-0.142436,0.075986	1.531942,-0.362746,0.028882	1.413636,-0.590424,0.106613	1.604614,0.131023,0.078974	1.583543,0.354944,0.019917	1.506892,0.606786,0.070459	12
1.589556,-0.007798,0.257092	1.592430,-0.006137,0.154960	0.000000,0.000000,0.000000	1.596119,-0.004640,0.085021	1.606870,-0.000282,-0.118730	1.568531,0.000034,-0.273992	1.590469,-0.142455,0.075046	1.532537,-0.361734,0.023722	1.418720,-0.591620,0.104986	1.606728,0.131165,0.078034	1.586969,0.351349,0.006693	1.507615,0.599694,0.072061	12
1.590602,-0.007907,0.255626	1.594845,-0.006131,0.153530	0.000000,0.000000,0.000000	1.597941,-0.004666,0.083560	1.607015,-0.000379,-0.121359	1.567970,0.000132,-0.276378	1.590883,-0.142314,0.073294	1.534137,-0.358943,0.011279	1.421208,-0.582747,0.105244	1.607998,0.131151,0.076198	1.590969,0.345981,-0.010100	1.509067,0.586806,0.072676	12
1.591758,-0.008006,0.253629	1.596685,-0.006128,0.151561	0.000000,0.000000,0.000000	1.599343,-0.004685,0.081571	1.607173,-0.000445,-0.124243	1.567309,0.000251,-0.279017	1.591111,-0.141885,0.070398	1.536749,-0.355120,-0.003988	1.418191,-0.568360,0.105665	1.608792,0.131069,0.073594	1.593215,0.339413,-0.027727	1.506668,0.570595,0.075306	12
1.593062,-0.008103,0.251524	1.598091,-0.006126,0.149465	0.000000,0.000000,0.000000	1.600425,-0.004694,0.079463	1.607322,-0.000472,-0.127039	1.566621,0.000379,-0.281571	1.591266,-0.142013,0.068300	1.540060,-0.351149,-0.018929	1.411608,-0.548431,0.105809	1.609326,0.130798,0.070575	1.593822,0.332784,-0.043366	1.495607,0.547134,0.080536	12
1.594581,-0.008214,0.249999	1.599366,-0.006126,0.147936	0.000000,0.000000,0.000000	1.601401,-0.004701,0.077926	1.607428,-0.000486,-0.129116	1.566105,0.000459,-0.283451	1.591418,-0.142411,0.067287	1.543644,-0.347159,-0.031807	1.404236,-0.527254,0.105291	1.609880,0.131076,0.069163	1.593170,0.325984,-0.056625	1.479537,0.520935,0.083637	12
1.596092,-0.008297,0.249105	1.600603,-0.006126,0.147037	0.000000,0.000000,0.000000	1.602341,-0.004705,0.077019	1.607498,-0.000494,-0.130450	1.565806,0.000512,-0.284630	1.591586,-0.142762,0.066876	1.544645,-0.341097,-0.044967	1.399776,-0.510171,0.102959	1.610395,0.131532,0.068746	1.591776,0.319405,-0.067275	1.464637,0.497456,0.086038	12
1.597417,-0.008636,0.248554	1.601624,-0.006127,0.146484	0.000000,0.000000,0.000000	1.603104,-0.004714,0.076460	1.607503,-0.000520,-0.131347	1.565918,0.000545,-0.285351	1.592398,-0.142875,0.066259	1.544124,-0.333937,-0.057227	1.399563,-0.495488,0.100047	1.610571,0.131743,0.068180	1.590049,0.312473,-0.077030	1.453596,0.476517,0.084965	12
1.598370,-0.009165,0.248142	1.602319,-0.006128,0.146078	0.000000,0.000000,0.000000	1.603619,-0.004720,0.076050	1.607448,-0.000581,-0.129874	1.567241,0.000555,-0.283989	1.593299,-0.142698,0.065169	1.543290,-0.330367,-0.063114	1.397324,-0.487778,0.099529	1.610622,0.131719,0.067288	1.588225,0.308282,-0.082829	1.445395,0.463908,0.084737	12
1.599041,-0.009666,0.247751	1.602678,-0.006128,0.145692	0.000000,0.000000,0.000000	1.603885,-0.004724,0.075663	1.607390,-0.000648,-0.127653	1.568838,0.000552,-0.281929	1.593841,-0.142335,0.063683	1.542336,-0.329452,-0.064871	1.394080,-0.485734,0.099549	1.610575,0.130882,0.064951	1.587310,0.305884,-0.086847	1.438569,0.454637,0.084542	12
