joint_position_head	joint_position_neck	joint_position_shoulder	joint_position_spine_top	joint_position_spine_mid	joint_position_spine_bottom	joint_position_left_shoulder	joint_position_left_elbow	joint_position_left_hand	joint_position_right_shoulder	joint_position_right_elbow	joint_position_right_hand	
XYZ order
1.543085,0.046993,0.361108	1.541063,0.048282,0.257609	0.000000,0.000000,0.000000	1.542847,0.046052,0.181878	1.547958,0.039664,-0.035042	1.508724,0.035331,-0.197648	1.548294,-0.114463,0.183044	1.529051,-0.345830,0.132007	1.466843,-0.614288,0.126569	1.562435,0.208034,0.179375	1.612340,0.429500,0.108889	1.629024,0.703115,0.080163	12
1.542973,0.046993,0.361100	1.541082,0.048282,0.257609	0.000000,0.000000,0.000000	1.542855,0.046052,0.181877	1.547935,0.039664,-0.035046	1.508713,0.035331,-0.197651	1.548298,-0.114471,0.183040	1.529023,-0.345841,0.132005	1.466854,-0.614308,0.126569	1.562436,0.208043,0.179370	1.612329,0.429511,0.108863	1.628490,0.703160,0.080160	12
1.542832,0.046993,0.361094	1.541100,0.048282,0.257609	0.000000,0.000000,0.000000	1.542863,0.046052,0.181877	1.547914,0.039664,-0.035049	1.508704,0.035331,-0.197654	1.548305,-0.114478,0.183037	1.528993,-0.345851,0.132004	1.466869,-0.614328,0.126570	1.562438,0.208052,0.179366	1.612317,0.429524,0.108847	1.628211,0.703190,0.080156	12
1.542689,0.046993,0.361089	1.541119,0.048282,0.257609	0.000000,0.000000,0.000000	1.542871,0.046052,0.181877	1.547890,0.039664,-0.035052	1.508696,0.035331,-0.197657	1.548311,-0.114484,0.183034	1.528959,-0.345860,0.132006	1.466941,-0.614362,0.126574	1.562438,0.208059,0.179362	1.612301,0.429531,0.108812	1.628061,0.703210,0.080165	12
1.542594,0.046993,0.361084	1.541137,0.048282,0.257609	0.000000,0.000000,0.000000	1.542878,0.046052,0.181877	1.547866,0.039664,-0.035055	1.508690,0.035331,-0.197660	1.548318,-0.114489,0.183032	1.528916,-0.345868,0.132009	1.466979,-0.614389,0.126575	1.562439,0.208066,0.179359	1.612284,0.429548,0.108808	1.627806,0.703241,0.080167	12
1.542508,0.046993,0.361080	1.541155,0.048282,0.257609	0.000000,0.000000,0.000000	1.542886,0.046052,0.181877	1.547841,0.039664,-0.035058	1.508684,0.035331,-0.197662	1.548323,-0.114494,0.183029	1.528872,-0.345876,0.132013	1.467005,-0.614413,0.126574	1.562440,0.208072,0.179356	1.612264,0.429567,0.108813	1.627333,0.703283,0.080153	12
1.542421,0.046993,0.361076	1.541174,0.048282,0.257609	0.000000,0.000000,0.000000	1.542893,0.046052,0.181876	1.547817,0.039664,-0.035061	1.508678,0.035331,-0.197665	1.548326,-0.114498,0.183027	1.528822,-0.345878,0.132013	1.467026,-0.614431,0.126574	1.562441,0.208078,0.179353	1.612229,0.429591,0.108840	1.626772,0.703329,0.080118	12
1.542295,0.046993,0.361074	1.541192,0.048282,0.257609	0.000000,0.000000,0.000000	1.542888,0.046056,0.181876	1.547747,0.039679,-0.035134	1.508727,0.035348,-0.197758	1.548324,-0.114458,0.182926	1.528774,-0.345856,0.132020	1.467051,-0.614425,0.126572	1.562435,0.208033,0.179244	1.612169,0.429601,0.108872	1.626539,0.703343,0.080092	12
1.542199,0.046993,0.361072	1.541210,0.048282,0.257609	0.000000,0.000000,0.000000	1.542877,0.046063,0.181875	1.547655,0.039702,-0.035268	1.508776,0.035374,-0.197924	1.548321,-0.114407,0.182789	1.528724,-0.345829,0.132027	1.467075,-0.614415,0.126570	1.562418,0.207986,0.179117	1.612062,0.429640,0.108961	1.626464,0.703365,0.080042	12
1.542123,0.046993,0.361069	1.541227,0.048282,0.257609	0.000000,0.000000,0.000000	1.542868,0.046071,0.181874	1.547578,0.039728,-0.035482	1.508891,0.035403,-0.198192	1.548318,-0.114336,0.182581	1.528672,-0.345857,0.132018	1.467082,-0.614457,0.126573	1.562391,0.207887,0.178854	1.611912,0.429756,0.109097	1.626500,0.703448,0.079965	12
1.542057,0.046993,0.361067	1.541245,0.048282,0.257609	0.000000,0.000000,0.000000	1.542865,0.046078,0.181874	1.547520,0.039747,-0.035731	1.508977,0.035424,-0.198491	1.548315,-0.114276,0.182368	1.528605,-0.345982,0.131988	1.467065,-0.614594,0.126582	1.562361,0.207786,0.178559	1.611755,0.429974,0.109230	1.626579,0.703630,0.079873	12
1.541988,0.046993,0.361065	1.541263,0.048282,0.257609	0.000000,0.000000,0.000000	1.542861,0.046083,0.181873	1.547461,0.039758,-0.035977	1.509017,0.035436,-0.198780	1.548316,-0.114286,0.182300	1.528519,-0.346177,0.131945	1.467031,-0.614802,0.126597	1.562341,0.207765,0.178424	1.611662,0.430222,0.109276	1.626643,0.703857,0.079811	12
1.541920,0.046993,0.361063	1.541280,0.048282,0.257609	0.000000,0.000000,0.000000	1.542865,0.046084,0.181873	1.547427,0.039757,-0.036199	1.509027,0.035425,-0.199031	1.548319,-0.114333,0.182319	1.528431,-0.346328,0.131915	1.467011,-0.614970,0.126607	1.562328,0.207787,0.178383	1.611660,0.430356,0.109192	1.626660,0.703999,0.079808	12
1.541854,0.046993,0.361061	1.541298,0.048282,0.257609	0.000000,0.000000,0.000000	1.542871,0.046084,0.181872	1.547405,0.039749,-0.036387	1.509015,0.035399,-0.199238	1.548322,-0.114372,0.182333	1.528343,-0.346358,0.131911	1.467028,-0.615024,0.126609	1.562316,0.207826,0.178389	1.611704,0.430334,0.109033	1.626641,0.704002,0.079850	12
1.541808,0.046993,0.361059	1.541316,0.048282,0.257609	0.000000,0.000000,0.000000	1.542879,0.046082,0.181872	1.547387,0.039738,-0.036542	1.508994,0.035365,-0.199405	1.548325,-0.114403,0.182343	1.528247,-0.346324,0.131923	1.467069,-0.615020,0.126606	1.562305,0.207873,0.178424	1.611742,0.430248,0.108868	1.626610,0.703945,0.079917	12
1.541784,0.046993,0.361057	1.541334,0.048282,0.257609	0.000000,0.000000,0.000000	1.542887,0.046080,0.181872	1.547369,0.039727,-0.036666	1.508969,0.035327,-0.199538	1.548327,-0.114425,0.182344	1.528149,-0.346271,0.131939	1.467115,-0.615000,0.126597	1.562290,0.207901,0.178426	1.611792,0.430129,0.108680	1.626555,0.703864,0.080045	12
1.541771,0.046993,0.361055	1.541352,0.048282,0.257609	0.000000,0.000000,0.000000	1.542895,0.046078,0.181872	1.547350,0.039718,-0.036764	1.508947,0.035291,-0.199642	1.548328,-0.114442,0.182338	1.528042,-0.346218,0.131952	1.467162,-0.614982,0.126588	1.562274,0.207917,0.178410	1.611735,0.430080,0.108642	1.626544,0.703825,0.080117	12
1.541763,0.046993,0.361053	1.541371,0.048282,0.257609	0.000000,0.000000,0.000000	1.542905,0.046078,0.181872	1.547337,0.039712,-0.036841	1.508928,0.035273,-0.199723	1.548329,-0.114455,0.182324	1.527934,-0.346174,0.131963	1.467204,-0.614971,0.126575	1.562261,0.207927,0.178384	1.611598,0.430084,0.108685	1.626590,0.703814,0.080114	12
1.541763,0.046993,0.361051	1.541390,0.048282,0.257609	0.000000,0.000000,0.000000	1.542917,0.046077,0.181872	1.547330,0.039708,-0.036902	1.508914,0.035268,-0.199786	1.548330,-0.114465,0.182309	1.527818,-0.346140,0.131971	1.467247,-0.614972,0.126562	1.562214,0.207937,0.178353	1.611434,0.430110,0.108752	1.626650,0.703818,0.080091	12
1.541764,0.046993,0.361049	1.541409,0.048282,0.257609	0.000000,0.000000,0.000000	1.542931,0.046077,0.181872	1.547328,0.039706,-0.036951	1.508904,0.035271,-0.199836	1.548331,-0.114478,0.182308	1.527680,-0.346131,0.131974	1.467285,-0.615003,0.126558	1.562147,0.207964,0.178358	1.611250,0.430181,0.108849	1.626719,0.703859,0.080046	12
1.541768,0.046993,0.361048	1.541427,0.048282,0.257609	0.000000,0.000000,0.000000	1.542944,0.046077,0.181871	1.547328,0.039705,-0.036990	1.508897,0.035274,-0.199876	1.548331,-0.114486,0.182304	1.527524,-0.346170,0.131967	1.467303,-0.615081,0.126561	1.562070,0.207994,0.178377	1.611061,0.430303,0.108929	1.626776,0.703954,0.079996	12
1.541773,0.046993,0.361047	1.541446,0.048282,0.257609	0.000000,0.000000,0.000000	1.542958,0.046077,0.181871	1.547330,0.039704,-0.037021	1.508892,0.035277,-0.199908	1.548332,-0.114488,0.182300	1.527352,-0.346246,0.131954	1.467307,-0.615197,0.126567	1.561993,0.208037,0.178433	1.610896,0.430452,0.108955	1.626814,0.704084,0.079961	12
1.541778,0.046993,0.361046	1.541464,0.048282,0.257609	0.000000,0.000000,0.000000	1.542972,0.046077,0.181871	1.547331,0.039703,-0.037047	1.508889,0.035280,-0.199934	1.548332,-0.114483,0.182293	1.527175,-0.346350,0.131935	1.467296,-0.615339,0.126597	1.561918,0.208072,0.178483	1.610741,0.430620,0.108952	1.626845,0.704240,0.079931	12
1.541783,0.046993,0.361045	1.541483,0.048282,0.257609	0.000000,0.000000,0.000000	1.542987,0.046077,0.181871	1.547333,0.039702,-0.037068	1.508887,0.035282,-0.199954	1.548332,-0.114476,0.182292	1.526995,-0.346374,0.131934	1.467299,-0.615404,0.126628	1.561901,0.208114,0.178576	1.610645,0.430663,0.108832	1.626839,0.704293,0.079965	12
1.541787,0.046993,0.361045	1.541502,0.048282,0.257609	0.000000,0.000000,0.000000	1.543001,0.046077,0.181871	1.547334,0.039702,-0.037085	1.508887,0.035283,-0.199971	1.548332,-0.114462,0.182297	1.526813,-0.346339,0.131949	1.467321,-0.615414,0.126636	1.561918,0.208183,0.178749	1.610566,0.430642,0.108678	1.626848,0.704290,0.080025	12
1.541789,0.046993,0.361045	1.541522,0.048282,0.257609	0.000000,0.000000,0.000000	1.543016,0.046077,0.181871	1.547335,0.039702,-0.037099	1.508887,0.035284,-0.199985	1.548331,-0.114440,0.182309	1.526642,-0.346280,0.131970	1.467339,-0.615396,0.126635	1.561934,0.208262,0.178966	1.610534,0.430574,0.108474	1.626844,0.704250,0.080111	12
1.541790,0.046993,0.361044	1.541542,0.048282,0.257609	0.000000,0.000000,0.000000	1.543031,0.046077,0.181871	1.547336,0.039701,-0.037111	1.508887,0.035284,-0.199997	1.548331,-0.114415,0.182321	1.526485,-0.346221,0.131991	1.467344,-0.615373,0.126630	1.561940,0.208286,0.179076	1.610489,0.430547,0.108456	1.626852,0.704222,0.080113	12
1.541798,0.046991,0.361044	1.541561,0.048282,0.257609	0.000000,0.000000,0.000000	1.543064,0.046073,0.181871	1.547407,0.039689,-0.037088	1.508991,0.035264,-0.199986	1.548382,-0.114407,0.182374	1.526322,-0.346177,0.132011	1.467335,-0.615362,0.126625	1.561943,0.208281,0.179126	1.610428,0.430560,0.108546	1.626876,0.704215,0.080069	12
1.541809,0.046979,0.361044	1.541581,0.048282,0.257609	0.000000,0.000000,0.000000	1.543098,0.046065,0.181872	1.547482,0.039659,-0.037020	1.509140,0.035217,-0.199944	1.548454,-0.114389,0.182406	1.526176,-0.346139,0.132029	1.467310,-0.615350,0.126620	1.561943,0.208260,0.179143	1.610420,0.430553,0.108589	1.626880,0.704201,0.080042	12
1.541815,0.046964,0.361044	1.541600,0.048282,0.257609	0.000000,0.000000,0.000000	1.543158,0.046057,0.181873	1.547657,0.039632,-0.036907	1.509333,0.035173,-0.199851	1.548546,-0.114369,0.182431	1.526038,-0.346110,0.132046	1.467277,-0.615344,0.126614	1.561940,0.208237,0.179149	1.610465,0.430538,0.108603	1.626858,0.704187,0.080026	12
