joint_position_head	joint_position_neck	joint_position_shoulder	joint_position_spine_top	joint_position_spine_mid	joint_position_spine_bottom	joint_position_left_shoulder	joint_position_left_elbow	joint_position_left_hand	joint_position_right_shoulder	joint_position_right_elbow	joint_position_right_hand	
XYZ order
1.722315,0.045882,0.283988	1.676531,0.037915,0.175266	0.000000,0.000000,0.000000	1.653961,0.037142,0.102924	1.587145,0.034851,-0.111245	1.528538,0.031670,-0.267164	1.664673,-0.118061,0.107207	1.671808,-0.369086,0.091788	1.570001,-0.426960,0.362541	1.676765,0.194467,0.107495	1.726755,0.439753,0.082243	1.725992,0.579523,0.342020	12
1.722315,0.045864,0.283981	1.676438,0.037916,0.175266	0.000000,0.000000,0.000000	1.653899,0.037142,0.102914	1.587152,0.034852,-0.111355	1.528584,0.031652,-0.267057	1.664685,-0.118057,0.107139	1.671804,-0.369075,0.091607	1.569450,-0.426761,0.362149	1.676765,0.194432,0.107371	1.726766,0.439728,0.082237	1.725992,0.579692,0.341863	12
1.722316,0.045845,0.283974	1.676345,0.037917,0.175266	0.000000,0.000000,0.000000	1.653832,0.037143,0.102906	1.587146,0.034851,-0.111443	1.528624,0.031634,-0.266958	1.664696,-0.118053,0.107070	1.671798,-0.369062,0.091393	1.569453,-0.426562,0.361809	1.676764,0.194392,0.107235	1.726776,0.439700,0.082239	1.725980,0.579920,0.341550	12
1.722315,0.045825,0.283968	1.676252,0.037917,0.175266	0.000000,0.000000,0.000000	1.653765,0.037144,0.102898	1.587138,0.034851,-0.111514	1.528659,0.031617,-0.266868	1.664707,-0.118048,0.106999	1.671795,-0.369047,0.091145	1.569728,-0.426424,0.361484	1.676762,0.194339,0.107067	1.726785,0.439662,0.082249	1.725960,0.579991,0.341284	12
1.722315,0.045807,0.283961	1.676160,0.037918,0.175266	0.000000,0.000000,0.000000	1.653695,0.037144,0.102891	1.587129,0.034851,-0.111571	1.528691,0.031599,-0.266786	1.664717,-0.118044,0.106928	1.671780,-0.369033,0.090911	1.569875,-0.426309,0.361132	1.676759,0.194281,0.106888	1.726782,0.439624,0.082267	1.725952,0.579973,0.341083	12
1.722315,0.045784,0.283955	1.676069,0.037919,0.175266	0.000000,0.000000,0.000000	1.653628,0.037145,0.102883	1.587124,0.034851,-0.111618	1.528719,0.031583,-0.266712	1.664728,-0.118039,0.106854	1.671753,-0.369016,0.090639	1.569972,-0.426201,0.360737	1.676756,0.194224,0.106710	1.726771,0.439589,0.082287	1.725934,0.579946,0.340903	12
1.722315,0.045759,0.283950	1.675979,0.037920,0.175266	0.000000,0.000000,0.000000	1.653558,0.037145,0.102877	1.587113,0.034851,-0.111653	1.528742,0.031564,-0.266649	1.664738,-0.118034,0.106779	1.671720,-0.369006,0.090466	1.570023,-0.426129,0.360433	1.676753,0.194207,0.106621	1.726764,0.439583,0.082301	1.725893,0.579916,0.340747	12
1.722313,0.045733,0.283946	1.675887,0.037920,0.175265	0.000000,0.000000,0.000000	1.653486,0.037146,0.102871	1.587098,0.034850,-0.111681	1.528759,0.031545,-0.266599	1.664745,-0.118029,0.106703	1.671672,-0.369022,0.090691	1.569692,-0.426135,0.360390	1.676751,0.194212,0.106582	1.726754,0.439595,0.082314	1.725834,0.579893,0.340606	12
1.722312,0.045708,0.283941	1.675792,0.037921,0.175265	0.000000,0.000000,0.000000	1.653411,0.037147,0.102864	1.587082,0.034850,-0.111703	1.528772,0.031527,-0.266561	1.664752,-0.118025,0.106627	1.671610,-0.369050,0.091096	1.569216,-0.426176,0.360500	1.676748,0.194229,0.106567	1.726727,0.439619,0.082327	1.725779,0.579832,0.340525	12
1.722310,0.045681,0.283937	1.675696,0.037922,0.175265	0.000000,0.000000,0.000000	1.653335,0.037147,0.102858	1.587069,0.034849,-0.111720	1.528781,0.031515,-0.266531	1.664801,-0.118022,0.106548	1.671533,-0.369053,0.091061	1.568732,-0.426097,0.360238	1.676746,0.194250,0.106563	1.726695,0.439647,0.082330	1.725727,0.579748,0.340495	12
1.722309,0.045661,0.283933	1.675602,0.037923,0.175265	0.000000,0.000000,0.000000	1.653261,0.037148,0.102852	1.587058,0.034849,-0.111732	1.528789,0.031509,-0.266506	1.664861,-0.118020,0.106468	1.671428,-0.369047,0.090837	1.568163,-0.425958,0.359836	1.676744,0.194272,0.106560	1.726663,0.439678,0.082344	1.725682,0.579636,0.340556	12
1.722308,0.045651,0.283929	1.675507,0.037924,0.175265	0.000000,0.000000,0.000000	1.653186,0.037148,0.102845	1.587048,0.034849,-0.111742	1.528795,0.031507,-0.266487	1.664921,-0.118020,0.106393	1.671289,-0.369067,0.091000	1.567370,-0.425898,0.359793	1.676741,0.194295,0.106558	1.726632,0.439708,0.082359	1.725608,0.579550,0.340664	12
1.722306,0.045644,0.283925	1.675406,0.037925,0.175264	0.000000,0.000000,0.000000	1.653107,0.037149,0.102838	1.587037,0.034849,-0.111753	1.528799,0.031507,-0.266476	1.664917,-0.118013,0.106309	1.671148,-0.369073,0.091075	1.566581,-0.425808,0.359709	1.676739,0.194313,0.106541	1.726594,0.439736,0.082376	1.725520,0.579488,0.340804	12
1.722304,0.045641,0.283920	1.675304,0.037927,0.175264	0.000000,0.000000,0.000000	1.653027,0.037150,0.102831	1.587027,0.034849,-0.111765	1.528801,0.031508,-0.266471	1.664923,-0.118004,0.106218	1.670952,-0.369077,0.091130	1.565727,-0.425614,0.359610	1.676736,0.194328,0.106518	1.726562,0.439761,0.082387	1.725431,0.579547,0.340861	12
1.722302,0.045640,0.283916	1.675200,0.037929,0.175264	0.000000,0.000000,0.000000	1.652945,0.037152,0.102824	1.587016,0.034849,-0.111777	1.528802,0.031508,-0.266470	1.664921,-0.117996,0.106130	1.670683,-0.369085,0.091181	1.564851,-0.425332,0.359559	1.676733,0.194342,0.106486	1.726601,0.439765,0.082348	1.725286,0.579662,0.340840	12
1.722299,0.045638,0.283911	1.675090,0.037931,0.175263	0.000000,0.000000,0.000000	1.652859,0.037153,0.102816	1.587003,0.034849,-0.111792	1.528802,0.031509,-0.266474	1.664916,-0.117987,0.106035	1.670359,-0.369091,0.091231	1.564060,-0.424968,0.359564	1.676730,0.194354,0.106450	1.726619,0.439772,0.082301	1.725136,0.579821,0.340773	12
1.722296,0.045637,0.283906	1.674980,0.037933,0.175263	0.000000,0.000000,0.000000	1.652772,0.037154,0.102809	1.586991,0.034849,-0.111806	1.528800,0.031509,-0.266480	1.664913,-0.117979,0.105940	1.669922,-0.369101,0.091289	1.563148,-0.424528,0.359573	1.676727,0.194367,0.106412	1.726632,0.439780,0.082237	1.725086,0.579996,0.340667	12
1.722292,0.045637,0.283903	1.674870,0.037935,0.175263	0.000000,0.000000,0.000000	1.652686,0.037156,0.102801	1.586979,0.034849,-0.111820	1.528797,0.031509,-0.266488	1.664912,-0.117972,0.105846	1.669302,-0.369115,0.091366	1.562261,-0.423946,0.359709	1.676724,0.194381,0.106374	1.726643,0.439783,0.082121	1.725064,0.580165,0.340506	12
1.722288,0.045636,0.283899	1.674757,0.037937,0.175262	0.000000,0.000000,0.000000	1.652597,0.037158,0.102794	1.586966,0.034849,-0.111836	1.528792,0.031509,-0.266499	1.664911,-0.117968,0.105760	1.668461,-0.369135,0.091473	1.561394,-0.423141,0.360041	1.676721,0.194396,0.106336	1.726649,0.439784,0.081966	1.725038,0.580455,0.340264	12
1.722285,0.045636,0.283897	1.674644,0.037941,0.175262	0.000000,0.000000,0.000000	1.652508,0.037161,0.102786	1.586954,0.034849,-0.111851	1.528787,0.031509,-0.266511	1.664910,-0.117966,0.105678	1.667259,-0.369159,0.091619	1.560619,-0.422209,0.360656	1.676718,0.194411,0.106296	1.726651,0.439784,0.081783	1.724987,0.581015,0.339890	12
1.722281,0.045636,0.283893	1.674529,0.037945,0.175261	0.000000,0.000000,0.000000	1.652418,0.037163,0.102778	1.586941,0.034849,-0.111866	1.528781,0.031509,-0.266524	1.664910,-0.117963,0.105594	1.665692,-0.369180,0.091803	1.559929,-0.421241,0.361508	1.676716,0.194426,0.106255	1.726654,0.439780,0.081558	1.724913,0.581686,0.339430	12
1.722277,0.045636,0.283891	1.674413,0.037949,0.175261	0.000000,0.000000,0.000000	1.652327,0.037166,0.102770	1.586928,0.034849,-0.111882	1.528775,0.031508,-0.266538	1.664909,-0.117959,0.105508	1.663900,-0.369190,0.091987	1.559853,-0.420173,0.362707	1.676713,0.194442,0.106213	1.726655,0.439773,0.081299	1.724826,0.582366,0.338944	12
1.721959,0.045674,0.283987	1.674295,0.037953,0.175261	0.000000,0.000000,0.000000	1.652225,0.037189,0.102764	1.586887,0.034930,-0.111870	1.528722,0.031583,-0.266523	1.664617,-0.117820,0.105229	1.662029,-0.369067,0.092207	1.560048,-0.419144,0.364081	1.676041,0.194255,0.105767	1.726607,0.439479,0.081067	1.724737,0.583276,0.338254	12
1.721442,0.045731,0.284119	1.674177,0.037957,0.175260	0.000000,0.000000,0.000000	1.652120,0.037223,0.102760	1.586836,0.035050,-0.111823	1.528658,0.031690,-0.266480	1.664205,-0.117592,0.104848	1.660406,-0.368853,0.092359	1.559604,-0.418492,0.365120	1.675144,0.193936,0.105106	1.726530,0.439033,0.080850	1.724639,0.584075,0.337721	12
1.720822,0.045817,0.284242	1.674062,0.037962,0.175260	0.000000,0.000000,0.000000	1.652014,0.037261,0.102756	1.586788,0.035183,-0.111746	1.528557,0.031797,-0.266401	1.663743,-0.117257,0.104375	1.659196,-0.368535,0.092480	1.559159,-0.417978,0.366063	1.674220,0.193538,0.104409	1.726433,0.438508,0.080649	1.724535,0.585139,0.337151	12
1.720174,0.045914,0.284332	1.673945,0.037968,0.175259	0.000000,0.000000,0.000000	1.651906,0.037290,0.102753	1.586741,0.035284,-0.111641	1.528450,0.031876,-0.266300	1.663279,-0.116965,0.104010	1.658639,-0.368263,0.092558	1.558710,-0.417416,0.366770	1.673655,0.193150,0.103755	1.726345,0.438061,0.080422	1.724408,0.585653,0.336946	12
1.719494,0.046013,0.284397	1.673827,0.037975,0.175259	0.000000,0.000000,0.000000	1.651793,0.037315,0.102750	1.586684,0.035364,-0.111510	1.528288,0.031925,-0.266168	1.662790,-0.116700,0.103676	1.658303,-0.368018,0.092629	1.558664,-0.416994,0.367510	1.673028,0.192821,0.103203	1.726262,0.437641,0.080153	1.724259,0.585901,0.336864	12
1.718918,0.046114,0.284399	1.673707,0.037982,0.175258	0.000000,0.000000,0.000000	1.651677,0.037337,0.102749	1.586622,0.035433,-0.111359	1.528076,0.031965,-0.266013	1.662278,-0.116468,0.103375	1.658066,-0.367807,0.092699	1.558719,-0.416724,0.368184	1.672322,0.192537,0.102705	1.726147,0.437251,0.079910	1.724127,0.586037,0.336840	12
1.718331,0.046217,0.284390	1.673588,0.037993,0.175258	0.000000,0.000000,0.000000	1.651560,0.037356,0.102747	1.586564,0.035477,-0.111197	1.527859,0.031987,-0.265851	1.662068,-0.116292,0.103110	1.658024,-0.367646,0.092763	1.558785,-0.415846,0.368860	1.671644,0.192315,0.102301	1.726061,0.436913,0.079651	1.723999,0.586094,0.336831	12
1.717919,0.046311,0.284316	1.673469,0.038006,0.175257	0.000000,0.000000,0.000000	1.651442,0.037375,0.102746	1.586501,0.035513,-0.111028	1.527609,0.032007,-0.265681	1.662024,-0.116126,0.102809	1.658072,-0.367497,0.092835	1.558611,-0.414872,0.369401	1.671192,0.192322,0.102329	1.726034,0.436798,0.079391	1.723830,0.586141,0.336914	12
