joint_position_head	joint_position_neck	joint_position_shoulder	joint_position_spine_top	joint_position_spine_mid	joint_position_spine_bottom	joint_position_left_shoulder	joint_position_left_elbow	joint_position_left_hand	joint_position_right_shoulder	joint_position_right_elbow	joint_position_right_hand	
XYZ order
1.643515,0.038152,0.305906	1.621755,0.035764,0.219660	0.000000,0.000000,0.000000	1.624341,0.032768,0.155040	1.631524,0.024448,-0.024410	1.594320,0.024672,-0.184748	1.617635,-0.093695,0.160753	1.614923,-0.304626,0.201963	1.601675,-0.525112,0.273373	1.624404,0.161937,0.153931	1.653128,0.366367,0.213767	1.620741,0.583669,0.288753	12
1.643102,0.038138,0.305793	1.621733,0.035764,0.219667	0.000000,0.000000,0.000000	1.624335,0.032758,0.155051	1.631553,0.024415,-0.024229	1.594176,0.024672,-0.184665	1.617815,-0.093772,0.161065	1.614749,-0.304689,0.202260	1.601104,-0.524215,0.273065	1.624351,0.161957,0.154108	1.652088,0.366559,0.213782	1.621283,0.583013,0.288547	12
1.642614,0.038126,0.305841	1.621689,0.035765,0.219674	0.000000,0.000000,0.000000	1.624311,0.032748,0.155062	1.631579,0.024386,-0.024039	1.594037,0.024671,-0.184556	1.617851,-0.093836,0.161363	1.614721,-0.304761,0.202455	1.600857,-0.523379,0.272828	1.624291,0.161972,0.154282	1.651011,0.366737,0.213823	1.622171,0.582628,0.287950	12
1.642003,0.038116,0.306015	1.621614,0.035765,0.219682	0.000000,0.000000,0.000000	1.624262,0.032742,0.155075	1.631594,0.024369,-0.023863	1.593944,0.024670,-0.184447	1.617767,-0.093893,0.161656	1.614775,-0.304914,0.202207	1.600779,-0.522583,0.272767	1.624225,0.161980,0.154446	1.650084,0.366905,0.213780	1.623140,0.582451,0.287034	12
1.641229,0.038108,0.306279	1.621492,0.035765,0.219689	0.000000,0.000000,0.000000	1.624175,0.032738,0.155087	1.631603,0.024361,-0.023702	1.593881,0.024668,-0.184327	1.617591,-0.093936,0.161920	1.614894,-0.305102,0.201667	1.600735,-0.521851,0.272814	1.624156,0.161976,0.154586	1.649558,0.367028,0.213640	1.623617,0.582322,0.285873	12
1.640416,0.038106,0.306550	1.621338,0.035765,0.219696	0.000000,0.000000,0.000000	1.624064,0.032737,0.155099	1.631604,0.024360,-0.023565	1.593852,0.024665,-0.184207	1.617405,-0.093906,0.162023	1.615032,-0.305256,0.200743	1.600736,-0.521028,0.272955	1.624091,0.161983,0.154752	1.649189,0.367181,0.213392	1.623889,0.582260,0.284656	12
1.639609,0.038108,0.306781	1.621165,0.035765,0.219700	0.000000,0.000000,0.000000	1.623936,0.032737,0.155108	1.631599,0.024367,-0.023474	1.593849,0.024663,-0.184102	1.617132,-0.093840,0.162027	1.615182,-0.305383,0.199635	1.600734,-0.520165,0.273124	1.624022,0.161926,0.154777	1.649249,0.367203,0.213042	1.623954,0.582046,0.283366	12
1.638822,0.038112,0.306953	1.620968,0.035765,0.219701	0.000000,0.000000,0.000000	1.623791,0.032740,0.155115	1.631592,0.024376,-0.023432	1.593859,0.024659,-0.184013	1.616811,-0.093758,0.161971	1.615326,-0.305485,0.198492	1.600723,-0.519321,0.273264	1.623950,0.161845,0.154729	1.649510,0.367166,0.212649	1.623931,0.581743,0.282177	12
1.638061,0.038116,0.307069	1.620754,0.035765,0.219701	0.000000,0.000000,0.000000	1.623631,0.032742,0.155120	1.631585,0.024385,-0.023435	1.593875,0.024656,-0.183939	1.616507,-0.093680,0.161890	1.615455,-0.305594,0.197259	1.600710,-0.518474,0.273398	1.623877,0.161754,0.154639	1.649640,0.367133,0.212225	1.623916,0.581477,0.280986	12
1.637268,0.038124,0.307149	1.620526,0.035765,0.219700	0.000000,0.000000,0.000000	1.623462,0.032745,0.155125	1.631580,0.024393,-0.023473	1.593891,0.024653,-0.183878	1.616364,-0.093613,0.161806	1.615587,-0.305678,0.196212	1.600679,-0.517730,0.273449	1.623806,0.161696,0.154598	1.649674,0.367162,0.211785	1.623934,0.581108,0.280477	12
1.636454,0.038134,0.307205	1.620294,0.035765,0.219700	0.000000,0.000000,0.000000	1.623289,0.032748,0.155130	1.631575,0.024399,-0.023539	1.593904,0.024650,-0.183826	1.616329,-0.093557,0.161726	1.615716,-0.305650,0.195902	1.600624,-0.517292,0.273203	1.623737,0.161659,0.154588	1.649651,0.367220,0.211372	1.623975,0.580710,0.280344	12
1.635664,0.038139,0.307236	1.620057,0.035765,0.219699	0.000000,0.000000,0.000000	1.623112,0.032751,0.155135	1.631571,0.024404,-0.023627	1.593916,0.024647,-0.183782	1.616324,-0.093507,0.161649	1.615835,-0.305562,0.195989	1.600553,-0.517086,0.272789	1.623664,0.161633,0.154590	1.649664,0.367264,0.211037	1.624013,0.580349,0.280392	12
1.634879,0.038143,0.307253	1.619808,0.035765,0.219698	0.000000,0.000000,0.000000	1.622927,0.032753,0.155141	1.631568,0.024409,-0.023733	1.593926,0.024644,-0.183744	1.616325,-0.093455,0.161564	1.615849,-0.305443,0.196246	1.600537,-0.517015,0.272332	1.623590,0.161612,0.154600	1.649687,0.367255,0.210915	1.624052,0.580075,0.280462	12
1.634122,0.038145,0.307255	1.619553,0.035765,0.219697	0.000000,0.000000,0.000000	1.622737,0.032756,0.155147	1.631566,0.024412,-0.023852	1.593934,0.024640,-0.183709	1.616323,-0.093408,0.161483	1.615850,-0.305313,0.196598	1.600529,-0.517031,0.271865	1.623510,0.161594,0.154610	1.649713,0.367228,0.210869	1.624084,0.579856,0.280563	12
1.633414,0.038145,0.307246	1.619293,0.035765,0.219697	0.000000,0.000000,0.000000	1.622544,0.032758,0.155153	1.631567,0.024412,-0.023966	1.593942,0.024637,-0.183678	1.616318,-0.093383,0.161448	1.615840,-0.305195,0.197049	1.600541,-0.517171,0.271309	1.623435,0.161578,0.154620	1.649752,0.367189,0.210866	1.624108,0.579683,0.280664	12
1.632628,0.038145,0.307244	1.619027,0.035765,0.219697	0.000000,0.000000,0.000000	1.622348,0.032759,0.155159	1.631569,0.024411,-0.024070	1.593949,0.024629,-0.183648	1.616308,-0.093370,0.161436	1.615807,-0.305085,0.197546	1.600592,-0.517374,0.270766	1.623354,0.161562,0.154630	1.649818,0.367141,0.210886	1.624120,0.579538,0.280793	12
1.631824,0.038144,0.307236	1.618730,0.035765,0.219696	0.000000,0.000000,0.000000	1.622128,0.032760,0.155166	1.631571,0.024410,-0.024162	1.593955,0.024618,-0.183618	1.616295,-0.093363,0.161433	1.615758,-0.304977,0.198065	1.600646,-0.517616,0.270284	1.623266,0.161548,0.154638	1.649920,0.367085,0.210915	1.624127,0.579429,0.280943	12
1.630818,0.038144,0.307242	1.618375,0.035765,0.219696	0.000000,0.000000,0.000000	1.621866,0.032762,0.155174	1.631573,0.024410,-0.024241	1.593963,0.024605,-0.183585	1.616278,-0.093359,0.161433	1.615679,-0.304873,0.198576	1.600681,-0.517898,0.269835	1.623174,0.161533,0.154647	1.650040,0.367021,0.210957	1.624134,0.579364,0.281111	12
1.630012,0.038176,0.307204	1.617975,0.035765,0.219696	0.000000,0.000000,0.000000	1.621553,0.032739,0.155183	1.631505,0.024321,-0.024291	1.593996,0.024448,-0.183579	1.615977,-0.093324,0.161355	1.615572,-0.304726,0.199068	1.600660,-0.518123,0.269550	1.622788,0.161477,0.154543	1.650177,0.366847,0.210990	1.624183,0.579247,0.281267	12
1.629485,0.038223,0.307123	1.617553,0.035765,0.219696	0.000000,0.000000,0.000000	1.621214,0.032701,0.155193	1.631401,0.024174,-0.024299	1.594049,0.024194,-0.183596	1.615551,-0.093276,0.161247	1.615406,-0.304613,0.199272	1.600561,-0.518268,0.269445	1.622329,0.161456,0.154497	1.650334,0.366709,0.211027	1.624331,0.579203,0.281474	12
1.629131,0.038214,0.307020	1.617103,0.035765,0.219696	0.000000,0.000000,0.000000	1.620847,0.032655,0.155203	1.631263,0.024001,-0.024260	1.594117,0.023894,-0.183635	1.615008,-0.093208,0.161099	1.615180,-0.304494,0.199344	1.600319,-0.518387,0.269433	1.621590,0.161460,0.154483	1.650537,0.366549,0.211089	1.624534,0.579199,0.281705	12
1.628967,0.038170,0.306905	1.616639,0.035765,0.219696	0.000000,0.000000,0.000000	1.620468,0.032609,0.155213	1.631118,0.023827,-0.024176	1.594190,0.023589,-0.183688	1.614463,-0.093132,0.160939	1.614902,-0.304377,0.199349	1.599870,-0.518514,0.269466	1.620762,0.161474,0.154490	1.650761,0.366383,0.211159	1.624824,0.579247,0.281960	12
1.628887,0.037955,0.306803	1.616175,0.035765,0.219696	0.000000,0.000000,0.000000	1.620078,0.032570,0.155223	1.630929,0.023685,-0.024047	1.594180,0.023346,-0.183721	1.614049,-0.093072,0.160810	1.614576,-0.304290,0.199303	1.599272,-0.518711,0.269503	1.619887,0.161334,0.154203	1.650981,0.365974,0.211212	1.625218,0.579148,0.282145	12
1.628853,0.037750,0.306713	1.615706,0.035765,0.219696	0.000000,0.000000,0.000000	1.619671,0.032545,0.155231	1.630688,0.023599,-0.023877	1.594102,0.023150,-0.183728	1.613706,-0.093020,0.160669	1.614194,-0.304213,0.199239	1.598433,-0.518927,0.269586	1.619042,0.161170,0.153848	1.651195,0.365526,0.211249	1.625711,0.579062,0.282324	12
1.628836,0.037609,0.306638	1.615250,0.035765,0.219696	0.000000,0.000000,0.000000	1.619267,0.032529,0.155238	1.630417,0.023546,-0.023680	1.593996,0.022974,-0.183716	1.613424,-0.092972,0.160531	1.613805,-0.304147,0.199142	1.597429,-0.519089,0.269671	1.618770,0.161136,0.153768	1.651363,0.365390,0.211249	1.626245,0.579209,0.282614	12
1.628830,0.037514,0.306572	1.614806,0.035765,0.219696	0.000000,0.000000,0.000000	1.618836,0.032515,0.155243	1.630010,0.023505,-0.023472	1.593902,0.022844,-0.183682	1.613288,-0.092929,0.160400	1.613407,-0.304088,0.199037	1.596362,-0.519209,0.269767	1.618779,0.161133,0.153762	1.651515,0.365347,0.211264	1.626872,0.579421,0.282925	12
1.628829,0.037468,0.306506	1.614371,0.035765,0.219696	0.000000,0.000000,0.000000	1.618388,0.032504,0.155246	1.629514,0.023471,-0.023256	1.593830,0.022766,-0.183594	1.613227,-0.092879,0.160255	1.613231,-0.304026,0.198894	1.595271,-0.519275,0.269836	1.618919,0.161132,0.153774	1.651680,0.365329,0.211284	1.627532,0.579645,0.283207	12
1.628830,0.037450,0.306438	1.613946,0.035765,0.219696	0.000000,0.000000,0.000000	1.617945,0.032499,0.155249	1.629006,0.023463,-0.023037	1.593789,0.022726,-0.183439	1.613206,-0.092820,0.160091	1.613182,-0.303963,0.198696	1.594752,-0.519358,0.269757	1.619094,0.161131,0.153788	1.651854,0.365314,0.211304	1.628243,0.579914,0.283233	12
1.628832,0.037445,0.306368	1.613527,0.035765,0.219696	0.000000,0.000000,0.000000	1.617537,0.032497,0.155253	1.628619,0.023466,-0.022827	1.593826,0.022705,-0.183225	1.613199,-0.092754,0.159912	1.613194,-0.303902,0.198431	1.594664,-0.519458,0.269571	1.619271,0.161127,0.153798	1.652059,0.365289,0.211331	1.628949,0.580135,0.283276	12
1.628834,0.037446,0.306294	1.613108,0.035765,0.219696	0.000000,0.000000,0.000000	1.617149,0.032497,0.155258	1.628303,0.023475,-0.022637	1.593899,0.022691,-0.182976	1.613197,-0.092687,0.159733	1.613237,-0.303847,0.198126	1.594813,-0.519593,0.269243	1.619357,0.161122,0.153802	1.652280,0.365245,0.211355	1.629699,0.580310,0.283332	12
