joint_position_head	joint_position_neck	joint_position_shoulder	joint_position_spine_top	joint_position_spine_mid	joint_position_spine_bottom	joint_position_left_shoulder	joint_position_left_elbow	joint_position_left_hand	joint_position_right_shoulder	joint_position_right_elbow	joint_position_right_hand	
XYZ order
1.665148,0.026292,0.229523	1.662844,0.026642,0.127465	0.000000,0.000000,0.000000	1.656318,0.025492,0.057755	1.638252,0.022310,-0.135226	1.601889,0.020451,-0.293610	1.665989,-0.105258,0.072564	1.698155,-0.334793,0.090541	1.664688,-0.353123,0.342340	1.668673,0.158048,0.071612	1.725361,0.380242,0.109830	1.678640,0.432838,0.354593	12
1.665656,0.026272,0.229499	1.663238,0.026641,0.127432	0.000000,0.000000,0.000000	1.656614,0.025481,0.057732	1.638221,0.022260,-0.135783	1.601816,0.020353,-0.294086	1.665996,-0.105312,0.073033	1.698228,-0.334877,0.090497	1.664427,-0.353175,0.342253	1.668701,0.158068,0.071974	1.725464,0.380301,0.109858	1.677769,0.432744,0.354470	12
1.666149,0.026258,0.229535	1.663623,0.026641,0.127461	0.000000,0.000000,0.000000	1.656898,0.025470,0.057771	1.638183,0.022211,-0.136162	1.601716,0.020257,-0.294402	1.665996,-0.105338,0.073502	1.698254,-0.334938,0.090436	1.664093,-0.353277,0.342140	1.668718,0.158075,0.072374	1.725412,0.380440,0.109569	1.677434,0.432509,0.354207	12
1.666634,0.026251,0.229581	1.664011,0.026641,0.127502	0.000000,0.000000,0.000000	1.657182,0.025459,0.057822	1.638146,0.022163,-0.136433	1.601610,0.020162,-0.294623	1.665995,-0.105351,0.073960	1.698197,-0.334999,0.090353	1.663686,-0.353436,0.342003	1.668732,0.158068,0.072755	1.725246,0.380574,0.109377	1.677079,0.432293,0.354051	12
1.667158,0.026250,0.229616	1.664384,0.026642,0.127535	0.000000,0.000000,0.000000	1.657455,0.025448,0.057865	1.638113,0.022117,-0.136636	1.601506,0.020072,-0.294786	1.665991,-0.105285,0.074197	1.698087,-0.334968,0.090308	1.663138,-0.353750,0.341871	1.668745,0.158058,0.073104	1.725037,0.380701,0.109232	1.676681,0.432143,0.353926	12
1.667459,0.026250,0.229642	1.664669,0.026642,0.127557	0.000000,0.000000,0.000000	1.657663,0.025438,0.057894	1.638083,0.022073,-0.136799	1.601409,0.019981,-0.294920	1.665987,-0.105189,0.074322	1.697926,-0.334904,0.090283	1.662766,-0.354002,0.341793	1.668753,0.158050,0.073425	1.724812,0.380819,0.109137	1.676164,0.432072,0.353812	12
1.667590,0.026250,0.229660	1.664840,0.026642,0.127569	0.000000,0.000000,0.000000	1.657787,0.025428,0.057912	1.638058,0.022032,-0.136938	1.601317,0.019892,-0.295034	1.665984,-0.105085,0.074390	1.697707,-0.334833,0.090306	1.662785,-0.354028,0.341842	1.668758,0.158048,0.073732	1.724570,0.380938,0.109075	1.675566,0.432035,0.353710	12
1.667630,0.026251,0.229670	1.664924,0.026643,0.127576	0.000000,0.000000,0.000000	1.657847,0.025417,0.057921	1.638036,0.021985,-0.137057	1.601227,0.019799,-0.295133	1.665982,-0.104981,0.074425	1.697428,-0.334766,0.090373	1.662732,-0.354063,0.341932	1.668759,0.157997,0.073888	1.724321,0.380977,0.109059	1.674916,0.432000,0.353629	12
1.667372,0.026255,0.229682	1.664958,0.026643,0.127578	0.000000,0.000000,0.000000	1.657835,0.025404,0.057928	1.637887,0.021933,-0.137131	1.600823,0.019710,-0.295133	1.665953,-0.104819,0.074259	1.697056,-0.334628,0.090513	1.662584,-0.354173,0.342084	1.668730,0.157916,0.073919	1.724041,0.380964,0.109055	1.674340,0.431967,0.353568	12
1.666964,0.026263,0.229693	1.664965,0.026643,0.127579	0.000000,0.000000,0.000000	1.657774,0.025391,0.057936	1.637631,0.021882,-0.137154	1.600214,0.019646,-0.295045	1.665910,-0.104640,0.073995	1.696612,-0.334469,0.090727	1.662529,-0.354247,0.342333	1.668687,0.157835,0.073892	1.723744,0.380942,0.109050	1.673892,0.432005,0.353520	12
1.666517,0.026274,0.229703	1.664962,0.026643,0.127579	0.000000,0.000000,0.000000	1.657691,0.025376,0.057945	1.637323,0.021825,-0.137131	1.599517,0.019600,-0.294892	1.665847,-0.104474,0.073709	1.696162,-0.334314,0.090984	1.662516,-0.354272,0.342634	1.668624,0.157755,0.073812	1.723413,0.380916,0.109041	1.673840,0.432097,0.353543	12
1.666068,0.026285,0.229710	1.664957,0.026643,0.127579	0.000000,0.000000,0.000000	1.657603,0.025357,0.057953	1.637004,0.021754,-0.137073	1.598816,0.019543,-0.294695	1.665781,-0.104317,0.073398	1.695693,-0.334156,0.091358	1.662548,-0.354261,0.343063	1.668550,0.157662,0.073654	1.723067,0.380866,0.109035	1.673955,0.432185,0.353601	12
1.665564,0.026296,0.229715	1.664952,0.026643,0.127578	0.000000,0.000000,0.000000	1.657516,0.025335,0.057962	1.636695,0.021672,-0.136987	1.598156,0.019474,-0.294469	1.665717,-0.104172,0.073074	1.695195,-0.334003,0.091849	1.662653,-0.354184,0.343626	1.668475,0.157575,0.073463	1.722880,0.380762,0.109127	1.673756,0.432330,0.353638	12
1.665177,0.026303,0.229731	1.664948,0.026643,0.127592	0.000000,0.000000,0.000000	1.657436,0.025315,0.057984	1.636411,0.021598,-0.136831	1.597582,0.019405,-0.294188	1.665678,-0.104105,0.072928	1.694670,-0.333944,0.092354	1.662823,-0.353922,0.344237	1.668218,0.157553,0.073410	1.722855,0.380652,0.109264	1.673623,0.432280,0.353741	12
1.664882,0.026308,0.228784	1.664946,0.026643,0.127613	0.000000,0.000000,0.000000	1.657359,0.025296,0.058014	1.636144,0.021530,-0.136605	1.597083,0.019337,-0.293854	1.665669,-0.104078,0.072881	1.694120,-0.333935,0.092886	1.662858,-0.353688,0.344860	1.667860,0.157565,0.073436	1.722941,0.380526,0.109465	1.673517,0.432112,0.353912	12
1.664621,0.026310,0.227581	1.664945,0.026643,0.127637	0.000000,0.000000,0.000000	1.657287,0.025279,0.058046	1.635901,0.021468,-0.136309	1.596711,0.019273,-0.293484	1.665677,-0.104070,0.072880	1.693734,-0.333926,0.093453	1.662787,-0.353334,0.345492	1.667499,0.157595,0.073508	1.723115,0.380374,0.109840	1.673370,0.431930,0.354228	12
1.664390,0.026310,0.226452	1.664944,0.026643,0.127663	0.000000,0.000000,0.000000	1.657216,0.025262,0.058081	1.635665,0.021411,-0.135946	1.596408,0.019210,-0.293058	1.665690,-0.104076,0.072915	1.693267,-0.333938,0.094065	1.662946,-0.352741,0.346226	1.667174,0.157631,0.073601	1.723293,0.380210,0.110384	1.673192,0.431700,0.354714	12
1.664153,0.026309,0.225531	1.664944,0.026643,0.127690	0.000000,0.000000,0.000000	1.657151,0.025247,0.058115	1.635457,0.021359,-0.135568	1.596184,0.019150,-0.292626	1.665706,-0.104087,0.072964	1.692726,-0.333960,0.094701	1.663363,-0.351900,0.347037	1.666880,0.157667,0.073702	1.723520,0.380030,0.110993	1.672976,0.431425,0.355252	12
1.663926,0.026309,0.224858	1.664944,0.026643,0.127717	0.000000,0.000000,0.000000	1.657094,0.025236,0.058149	1.635276,0.021325,-0.135214	1.596037,0.019095,-0.292230	1.665722,-0.104096,0.073015	1.692487,-0.333941,0.095354	1.663498,-0.351193,0.347782	1.666638,0.157702,0.073806	1.723804,0.379831,0.111681	1.672739,0.431092,0.355859	12
1.663740,0.026307,0.224384	1.664944,0.026643,0.127744	0.000000,0.000000,0.000000	1.657043,0.025228,0.058181	1.635113,0.021298,-0.134897	1.595998,0.019025,-0.291899	1.665737,-0.104106,0.073067	1.692437,-0.333901,0.095990	1.663436,-0.350553,0.348458	1.666641,0.157730,0.073902	1.724095,0.379685,0.112360	1.672546,0.430559,0.356517	12
1.663720,0.026305,0.224064	1.664944,0.026643,0.127770	0.000000,0.000000,0.000000	1.656998,0.025220,0.058212	1.634969,0.021274,-0.134630	1.596034,0.018942,-0.291634	1.665744,-0.104112,0.073112	1.692469,-0.333846,0.096609	1.663230,-0.349853,0.349092	1.666788,0.157755,0.073999	1.724378,0.379579,0.113004	1.672371,0.429976,0.357163	12
1.663794,0.026303,0.223855	1.664944,0.026643,0.127796	0.000000,0.000000,0.000000	1.656953,0.025213,0.058244	1.634815,0.021252,-0.134411	1.596094,0.018858,-0.291421	1.665747,-0.104124,0.073175	1.692557,-0.333786,0.097266	1.662943,-0.348970,0.349755	1.667022,0.157777,0.074096	1.724708,0.379482,0.113634	1.672169,0.429411,0.357775	12
1.663864,0.026299,0.223713	1.664944,0.026643,0.127822	0.000000,0.000000,0.000000	1.656907,0.025206,0.058276	1.634661,0.021227,-0.134210	1.596165,0.018765,-0.291227	1.665748,-0.104134,0.073236	1.692689,-0.333710,0.097997	1.662581,-0.347921,0.350483	1.667118,0.157780,0.074143	1.725078,0.379352,0.114026	1.672134,0.428597,0.358218	12
1.663913,0.026295,0.223611	1.664944,0.026643,0.127848	0.000000,0.000000,0.000000	1.656861,0.025198,0.058306	1.634506,0.021202,-0.134013	1.596234,0.018668,-0.291033	1.665749,-0.104170,0.073366	1.692849,-0.333661,0.098738	1.662205,-0.346697,0.351223	1.667176,0.157745,0.074103	1.725467,0.379087,0.114767	1.672116,0.428312,0.358875	12
1.663946,0.026290,0.223534	1.664944,0.026643,0.127873	0.000000,0.000000,0.000000	1.656818,0.025191,0.058338	1.634361,0.021176,-0.133811	1.596302,0.018570,-0.290830	1.665749,-0.104209,0.073516	1.693069,-0.333639,0.099203	1.661819,-0.345418,0.351675	1.667215,0.157737,0.074141	1.725908,0.378804,0.115708	1.672127,0.428253,0.359677	12
1.663965,0.026285,0.223474	1.664944,0.026643,0.127901	0.000000,0.000000,0.000000	1.656792,0.025182,0.058368	1.634285,0.021149,-0.133610	1.596365,0.018466,-0.290614	1.665750,-0.104285,0.073778	1.693351,-0.333594,0.100223	1.661460,-0.343982,0.352677	1.667247,0.157738,0.074225	1.726400,0.378514,0.116682	1.672189,0.428148,0.360518	12
1.663976,0.026280,0.223425	1.664944,0.026643,0.127928	0.000000,0.000000,0.000000	1.656771,0.025176,0.058397	1.634224,0.021131,-0.133394	1.596429,0.018397,-0.290381	1.665750,-0.104364,0.074071	1.693751,-0.333534,0.101290	1.661075,-0.342644,0.353693	1.667277,0.157756,0.074373	1.726935,0.378369,0.116973	1.672436,0.427794,0.360787	12
1.663982,0.026274,0.223384	1.664944,0.026643,0.127955	0.000000,0.000000,0.000000	1.656750,0.025172,0.058428	1.634170,0.021119,-0.133155	1.596495,0.018361,-0.290129	1.665750,-0.104443,0.074390	1.694239,-0.333470,0.102302	1.660660,-0.342111,0.354604	1.667302,0.157772,0.074540	1.727484,0.378284,0.116928	1.672395,0.427653,0.360620	12
1.663986,0.026268,0.223350	1.664944,0.026643,0.127983	0.000000,0.000000,0.000000	1.656732,0.025166,0.058458	1.634128,0.021101,-0.132911	1.596614,0.018346,-0.289921	1.665751,-0.104511,0.074705	1.694832,-0.333539,0.101979	1.660520,-0.341718,0.354199	1.667311,0.157777,0.074701	1.728057,0.378256,0.116444	1.672204,0.427584,0.359970	12
