joint_position_head	joint_position_neck	joint_position_shoulder	joint_position_spine_top	joint_position_spine_mid	joint_position_spine_bottom	joint_position_left_shoulder	joint_position_left_elbow	joint_position_left_hand	joint_position_right_shoulder	joint_position_right_elbow	joint_position_right_hand	
XYZ order
1.789209,0.038991,0.231424	1.745938,0.038957,0.121079	0.000000,0.000000,0.000000	1.703327,0.036255,0.052511	1.576189,0.028188,-0.152266	1.479920,0.021992,-0.322418	1.730329,-0.105844,0.051045	1.533304,-0.110190,-0.130829	1.267928,-0.095714,-0.281815	1.747731,0.181403,0.044781	1.547298,0.175564,-0.133286	1.208845,0.157009,-0.236440	12
1.789315,0.038991,0.231279	1.746044,0.038955,0.121079	0.000000,0.000000,0.000000	1.703436,0.036254,0.052505	1.576301,0.028186,-0.152288	1.479930,0.021994,-0.322392	1.730325,-0.105816,0.051047	1.533357,-0.110264,-0.130901	1.266863,-0.095294,-0.283679	1.747728,0.181156,0.044357	1.547534,0.176698,-0.134033	1.207931,0.161308,-0.244084	12
1.789516,0.038991,0.231126	1.746150,0.038953,0.121078	0.000000,0.000000,0.000000	1.703545,0.036252,0.052498	1.576408,0.028185,-0.152307	1.479980,0.021997,-0.322390	1.730321,-0.105809,0.051026	1.533386,-0.110476,-0.130969	1.264021,-0.087273,-0.275513	1.747727,0.180935,0.043927	1.548118,0.177658,-0.135159	1.210246,0.157569,-0.241101	12
1.790220,0.038991,0.232105	1.746253,0.038951,0.121077	0.000000,0.000000,0.000000	1.703657,0.036250,0.052486	1.576560,0.028183,-0.152358	1.480044,0.022000,-0.322402	1.730315,-0.105815,0.050969	1.532725,-0.111061,-0.130312	1.262573,-0.079588,-0.267844	1.747729,0.180718,0.043449	1.549356,0.177761,-0.137025	1.209609,0.159696,-0.228673	12
1.791155,0.038992,0.233281	1.746359,0.038949,0.121067	0.000000,0.000000,0.000000	1.703786,0.036248,0.052457	1.576799,0.028183,-0.152474	1.481386,0.022085,-0.323153	1.730313,-0.105782,0.050762	1.529677,-0.112020,-0.127077	1.261902,-0.080213,-0.265020	1.747754,0.180509,0.042926	1.551057,0.177464,-0.139382	1.215966,0.152763,-0.239726	12
1.792331,0.038993,0.233875	1.746469,0.038947,0.120984	0.000000,0.000000,0.000000	1.704087,0.036243,0.052252	1.578230,0.028158,-0.153449	1.484230,0.022232,-0.324927	1.730331,-0.105637,0.050198	1.525488,-0.113582,-0.122672	1.262358,-0.084888,-0.266019	1.747837,0.180326,0.042333	1.553273,0.177231,-0.142263	1.217117,0.157555,-0.234471	12
1.793773,0.038995,0.233415	1.746601,0.038945,0.120820	0.000000,0.000000,0.000000	1.704558,0.036236,0.051876	1.580135,0.028131,-0.154757	1.487259,0.022393,-0.326864	1.730359,-0.105452,0.049437	1.521354,-0.115659,-0.118279	1.266086,-0.088773,-0.272264	1.749294,0.180192,0.041758	1.555933,0.176504,-0.144117	1.221373,0.151400,-0.235267	12
1.795017,0.038996,0.230586	1.746741,0.038943,0.119040	0.000000,0.000000,0.000000	1.704810,0.036223,0.050024	1.579806,0.028066,-0.157625	1.487297,0.022385,-0.329943	1.730449,-0.104756,0.046123	1.520047,-0.117407,-0.119785	1.270727,-0.089821,-0.281039	1.751649,0.180451,0.040424	1.557692,0.175266,-0.144813	1.222798,0.154148,-0.235160	12
1.795462,0.039012,0.226249	1.746881,0.038940,0.115595	0.000000,0.000000,0.000000	1.705164,0.036225,0.046445	1.581207,0.028138,-0.163026	1.487256,0.022336,-0.334570	1.730513,-0.104613,0.041593	1.544309,-0.120278,-0.147766	1.283472,-0.089890,-0.284943	1.748889,0.178199,0.032388	1.552883,0.173128,-0.150690	1.212332,0.145924,-0.241215	12
1.795389,0.039050,0.221485	1.747024,0.038938,0.111254	0.000000,0.000000,0.000000	1.705483,0.036230,0.041992	1.581903,0.028170,-0.168114	1.486193,0.022193,-0.338687	1.730553,-0.104657,0.036431	1.552824,-0.120838,-0.162384	1.284661,-0.090816,-0.283698	1.745685,0.177778,0.026464	1.548459,0.172156,-0.155310	1.215260,0.118445,-0.252315	12
1.795257,0.039097,0.217139	1.747170,0.038936,0.106978	0.000000,0.000000,0.000000	1.705720,0.036234,0.037656	1.582126,0.028178,-0.172086	1.485002,0.022047,-0.341865	1.730532,-0.104879,0.031957	1.545554,-0.120075,-0.160868	1.275254,-0.091997,-0.277785	1.745623,0.178695,0.023062	1.546994,0.172065,-0.157164	1.213262,0.146029,-0.249309	12
1.795048,0.039133,0.213829	1.747319,0.038934,0.103376	0.000000,0.000000,0.000000	1.705846,0.036231,0.034062	1.581857,0.028150,-0.174736	1.484030,0.020850,-0.344077	1.730480,-0.105183,0.028678	1.539058,-0.119751,-0.158250	1.267137,-0.091068,-0.270748	1.749259,0.179944,0.021376	1.548917,0.172226,-0.156922	1.217692,0.149365,-0.246679	12
1.794924,0.039154,0.211317	1.747469,0.038931,0.100405	0.000000,0.000000,0.000000	1.705880,0.036222,0.031157	1.581318,0.028109,-0.176799	1.483122,0.020287,-0.345915	1.730424,-0.105698,0.026767	1.532178,-0.119408,-0.153208	1.262708,-0.088857,-0.274724	1.751783,0.181068,0.020437	1.550805,0.172423,-0.157134	1.219149,0.140112,-0.255701	12
1.794932,0.039166,0.209313	1.747620,0.038929,0.097929	0.000000,0.000000,0.000000	1.705861,0.036210,0.028778	1.580710,0.028061,-0.178521	1.482281,0.019721,-0.347491	1.730368,-0.106324,0.025840	1.531621,-0.119571,-0.153924	1.263020,-0.087590,-0.278099	1.753626,0.181967,0.019878	1.552294,0.172641,-0.157283	1.217066,0.154035,-0.246348	12
1.794959,0.039172,0.207760	1.747774,0.038926,0.095872	0.000000,0.000000,0.000000	1.705832,0.036197,0.026827	1.580179,0.028018,-0.179950	1.481573,0.019207,-0.348805	1.730315,-0.106834,0.025295	1.532465,-0.119730,-0.155588	1.264835,-0.084947,-0.280594	1.755272,0.182596,0.019480	1.553589,0.172892,-0.157287	1.219036,0.152059,-0.246877	12
1.794983,0.039175,0.206318	1.747931,0.038924,0.093888	0.000000,0.000000,0.000000	1.705790,0.036183,0.024959	1.579535,0.027968,-0.181527	1.480753,0.018702,-0.350268	1.730267,-0.107265,0.024821	1.531953,-0.119708,-0.155628	1.266870,-0.079002,-0.282997	1.756874,0.183087,0.019099	1.555081,0.173207,-0.157553	1.225666,0.123722,-0.252564	12
1.795002,0.039177,0.204704	1.748087,0.038922,0.091690	0.000000,0.000000,0.000000	1.705722,0.036167,0.022893	1.578745,0.027908,-0.183417	1.479757,0.018194,-0.352027	1.730218,-0.107690,0.024289	1.531874,-0.119669,-0.156173	1.267816,-0.075406,-0.283316	1.758315,0.183561,0.018645	1.556133,0.173419,-0.157571	1.226658,0.143601,-0.260132	12
1.795164,0.039178,0.203371	1.748245,0.038919,0.089891	0.000000,0.000000,0.000000	1.705736,0.036157,0.021177	1.578638,0.027893,-0.184741	1.479323,0.017767,-0.353148	1.730192,-0.107912,0.023815	1.532303,-0.119637,-0.157168	1.263872,-0.083346,-0.279133	1.758360,0.183865,0.018176	1.556132,0.173510,-0.157999	1.221995,0.149802,-0.256019	12
1.795398,0.039181,0.202089	1.748408,0.038917,0.088281	0.000000,0.000000,0.000000	1.705807,0.036149,0.019618	1.578581,0.027880,-0.186135	1.478976,0.017442,-0.354367	1.730185,-0.108006,0.023278	1.533209,-0.119608,-0.158713	1.258148,-0.096475,-0.275988	1.758141,0.183948,0.017448	1.555807,0.173516,-0.158627	1.216519,0.140883,-0.250711	12
1.795623,0.039183,0.200993	1.748604,0.038914,0.086939	0.000000,0.000000,0.000000	1.705945,0.036146,0.018306	1.578641,0.027883,-0.187230	1.478725,0.018853,-0.355374	1.730168,-0.107951,0.022613	1.534456,-0.119523,-0.160750	1.259589,-0.092352,-0.279747	1.758195,0.183697,0.016268	1.555374,0.173446,-0.159280	1.215532,0.152314,-0.246902	12
1.795853,0.039187,0.200406	1.749007,0.038912,0.086122	0.000000,0.000000,0.000000	1.706284,0.036146,0.017523	1.578894,0.027897,-0.187495	1.478891,0.020123,-0.355664	1.730685,-0.107785,0.021906	1.536291,-0.119382,-0.162872	1.266992,-0.075219,-0.287031	1.758140,0.183014,0.014503	1.554731,0.173272,-0.160419	1.217599,0.151245,-0.254306	12
1.796082,0.039191,0.200075	1.749572,0.038909,0.085594	0.000000,0.000000,0.000000	1.706769,0.036147,0.017038	1.579179,0.027910,-0.187674	1.479274,0.020716,-0.355943	1.731428,-0.107615,0.021043	1.536778,-0.119320,-0.163489	1.271609,-0.062804,-0.289702	1.758006,0.181692,0.011431	1.553664,0.172953,-0.162477	1.228218,0.130645,-0.285055	12
1.796275,0.039194,0.199707	1.750215,0.038906,0.085056	0.000000,0.000000,0.000000	1.707307,0.036147,0.016559	1.579347,0.027914,-0.188033	1.479494,0.021273,-0.356372	1.732210,-0.107371,0.019442	1.536710,-0.119267,-0.164201	1.270339,-0.067490,-0.287972	1.757839,0.179878,0.007070	1.552453,0.172519,-0.165695	1.215180,0.150188,-0.255397	12
1.796438,0.039195,0.199273	1.750886,0.038903,0.084478	0.000000,0.000000,0.000000	1.707874,0.036147,0.016041	1.579601,0.027924,-0.188459	1.480213,0.021279,-0.357090	1.732832,-0.106715,0.016593	1.535899,-0.119183,-0.165496	1.266134,-0.081114,-0.286877	1.757696,0.178592,0.003391	1.552390,0.172162,-0.169540	1.215307,0.152867,-0.261173	12
1.796575,0.039196,0.198764	1.751561,0.038900,0.083848	0.000000,0.000000,0.000000	1.708446,0.036148,0.015468	1.579866,0.027935,-0.188933	1.481623,0.021311,-0.358250	1.733229,-0.105343,0.012234	1.534514,-0.119000,-0.167844	1.262991,-0.091820,-0.290621	1.757589,0.178061,0.000903	1.552707,0.171966,-0.172573	1.215040,0.142905,-0.261967	12
1.796713,0.039196,0.198160	1.752226,0.038896,0.083162	0.000000,0.000000,0.000000	1.709006,0.036126,0.014842	1.580093,0.027791,-0.189426	1.482655,0.020992,-0.359216	1.733693,-0.104252,0.008510	1.533531,-0.118902,-0.169916	1.261080,-0.087966,-0.289618	1.757567,0.178207,-0.000405	1.553464,0.171926,-0.174819	1.217365,0.152621,-0.267222	12
1.796852,0.039195,0.197496	1.752903,0.038892,0.082447	0.000000,0.000000,0.000000	1.709575,0.036095,0.014189	1.580336,0.027657,-0.189900	1.483730,0.020707,-0.360176	1.734411,-0.104120,0.006722	1.533453,-0.118991,-0.170829	1.262645,-0.084080,-0.291746	1.757592,0.178694,-0.001014	1.554023,0.172001,-0.176067	1.218157,0.150564,-0.266168	12
1.796984,0.039194,0.196667	1.753577,0.038888,0.081593	0.000000,0.000000,0.000000	1.710133,0.036059,0.013403	1.580515,0.027523,-0.190576	1.484998,0.020436,-0.361477	1.735174,-0.104364,0.005683	1.533640,-0.119079,-0.171263	1.264795,-0.083405,-0.297910	1.757630,0.179214,-0.001558	1.554609,0.172103,-0.177262	1.220081,0.132657,-0.272527	12
1.797111,0.039192,0.195746	1.754245,0.038884,0.080673	0.000000,0.000000,0.000000	1.710682,0.036021,0.012553	1.580707,0.027387,-0.191253	1.485515,0.020078,-0.362343	1.735888,-0.104734,0.004980	1.533896,-0.119147,-0.171498	1.266069,-0.083791,-0.303672	1.757680,0.179705,-0.002083	1.555122,0.172211,-0.178337	1.214375,0.150399,-0.262670	12
1.797275,0.039191,0.194719	1.754902,0.038877,0.079715	0.000000,0.000000,0.000000	1.711335,0.035991,0.011591	1.581728,0.027322,-0.192487	1.486075,0.019933,-0.363334	1.735974,-0.105033,0.004388	1.533846,-0.119187,-0.171986	1.264845,-0.085277,-0.305484	1.757776,0.180152,-0.002597	1.555486,0.172324,-0.179177	1.213355,0.151163,-0.262862	12
