joint_position_head	joint_position_neck	joint_position_shoulder	joint_position_spine_top	joint_position_spine_mid	joint_position_spine_bottom	joint_position_left_shoulder	joint_position_left_elbow	joint_position_left_hand	joint_position_right_shoulder	joint_position_right_elbow	joint_position_right_hand	
XYZ order
1.791471,0.020244,0.263200	1.749111,0.016566,0.153316	0.000000,0.000000,0.000000	1.712053,0.017948,0.085005	1.601246,0.022016,-0.119253	1.511744,0.017637,-0.284406	1.727156,-0.125356,0.076952	1.533147,-0.124561,-0.100572	1.430777,0.148672,0.058344	1.756041,0.159035,0.075146	1.571932,0.177488,-0.111717	1.313541,0.131242,-0.218460	12
1.792389,0.021050,0.262379	1.749111,0.016566,0.152607	0.000000,0.000000,0.000000	1.711998,0.017915,0.084325	1.601037,0.021845,-0.119959	1.511701,0.017324,-0.285089	1.727139,-0.125081,0.075279	1.531030,-0.124662,-0.102789	1.423799,0.151247,0.047519	1.756352,0.158581,0.073202	1.572052,0.181933,-0.115584	1.320342,0.111432,-0.222167	12
1.793871,0.021890,0.261554	1.749112,0.016566,0.151772	0.000000,0.000000,0.000000	1.711935,0.017860,0.083522	1.600764,0.021561,-0.120723	1.511566,0.016759,-0.285844	1.727229,-0.124750,0.073265	1.528389,-0.124780,-0.106054	1.427089,0.150644,0.048377	1.756412,0.157657,0.070229	1.570633,0.185773,-0.120494	1.314905,0.124667,-0.223520	12
1.795559,0.022787,0.260076	1.749113,0.016566,0.150629	0.000000,0.000000,0.000000	1.711869,0.017815,0.082416	1.600495,0.021438,-0.121944	1.511259,0.016275,-0.286813	1.727409,-0.124230,0.070444	1.526886,-0.124820,-0.108113	1.433218,0.154872,0.043986	1.756360,0.156446,0.066365	1.570399,0.186696,-0.124938	1.311923,0.131852,-0.225261	12
1.797030,0.023663,0.257452	1.749130,0.016566,0.148590	0.000000,0.000000,0.000000	1.711830,0.017783,0.080406	1.600352,0.021356,-0.124592	1.510257,0.015947,-0.288292	1.727603,-0.123715,0.066618	1.524751,-0.124804,-0.111978	1.447576,0.161852,0.035018	1.756293,0.155821,0.062465	1.568211,0.187327,-0.129067	1.310626,0.132327,-0.232054	12
1.798459,0.024457,0.253583	1.749162,0.016566,0.145501	0.000000,0.000000,0.000000	1.711869,0.017757,0.077314	1.600626,0.021271,-0.128538	1.508813,0.015711,-0.290559	1.727647,-0.124118,0.063469	1.524452,-0.124709,-0.117978	1.446289,0.149305,0.048316	1.756267,0.156167,0.059212	1.565944,0.187602,-0.133172	1.311747,0.124714,-0.239802	12
1.799437,0.025188,0.249482	1.749203,0.016566,0.141817	0.000000,0.000000,0.000000	1.711946,0.017722,0.073610	1.600875,0.021094,-0.132607	1.507678,0.015507,-0.293579	1.727570,-0.125256,0.061373	1.521274,-0.124677,-0.119151	1.440072,0.140353,0.065033	1.756266,0.157023,0.056508	1.564173,0.187979,-0.136633	1.305789,0.132076,-0.236498	12
1.800057,0.025817,0.246152	1.749259,0.016566,0.138277	0.000000,0.000000,0.000000	1.711970,0.017685,0.070086	1.600552,0.020940,-0.135609	1.507261,0.015337,-0.296857	1.727497,-0.126381,0.059744	1.518891,-0.124665,-0.119882	1.435864,0.135892,0.069210	1.756270,0.157851,0.054209	1.562741,0.188300,-0.139219	1.303161,0.133818,-0.237098	12
1.800193,0.025917,0.242746	1.749341,0.016566,0.135418	0.000000,0.000000,0.000000	1.711972,0.017645,0.067270	1.600190,0.020772,-0.137558	1.507168,0.015104,-0.299625	1.727534,-0.127235,0.058542	1.517600,-0.124717,-0.120625	1.442444,0.141784,0.062515	1.756276,0.158257,0.052098	1.561231,0.188488,-0.140843	1.301996,0.131501,-0.238338	12
1.800399,0.025804,0.240054	1.749726,0.016566,0.133565	0.000000,0.000000,0.000000	1.712276,0.017602,0.065461	1.600540,0.020596,-0.138458	1.507815,0.014878,-0.301632	1.727651,-0.127794,0.058047	1.517172,-0.124858,-0.121380	1.451074,0.149940,0.052229	1.756297,0.158900,0.051542	1.560305,0.188514,-0.141367	1.305063,0.116367,-0.238324	12
1.800673,0.025515,0.238050	1.750434,0.016566,0.132332	0.000000,0.000000,0.000000	1.712958,0.017570,0.064243	1.601574,0.020503,-0.139397	1.509131,0.014693,-0.303208	1.727844,-0.127800,0.057211	1.516799,-0.125015,-0.122481	1.457607,0.154975,0.044905	1.756343,0.159384,0.051329	1.559283,0.188426,-0.141439	1.302648,0.122322,-0.239273	12
1.801032,0.025227,0.236465	1.751315,0.016566,0.131380	0.000000,0.000000,0.000000	1.713886,0.017551,0.063263	1.602954,0.020473,-0.140523	1.511041,0.014574,-0.304731	1.727952,-0.127495,0.056080	1.516934,-0.125050,-0.124672	1.457118,0.154368,0.042579	1.756396,0.159797,0.051207	1.558097,0.188312,-0.141327	1.300766,0.127696,-0.241117	12
1.801416,0.025022,0.235108	1.752265,0.016566,0.130489	0.000000,0.000000,0.000000	1.714955,0.017525,0.062308	1.604557,0.020331,-0.141852	1.513062,0.014531,-0.306215	1.728018,-0.126720,0.054056	1.517674,-0.125014,-0.128518	1.457042,0.152775,0.039789	1.755808,0.159677,0.050066	1.556509,0.188364,-0.142395	1.299748,0.127030,-0.243469	12
1.801789,0.024872,0.233794	1.753229,0.016566,0.129484	0.000000,0.000000,0.000000	1.715972,0.017514,0.061273	1.605412,0.020342,-0.142986	1.513921,0.014486,-0.307165	1.728171,-0.125367,0.050642	1.517162,-0.125004,-0.131603	1.449585,0.149051,0.041440	1.754932,0.158923,0.047496	1.554867,0.188413,-0.144457	1.300353,0.121717,-0.247744	12
1.802155,0.024753,0.232543	1.754192,0.016566,0.128410	0.000000,0.000000,0.000000	1.716950,0.017510,0.060191	1.606292,0.020337,-0.144104	1.514011,0.014436,-0.307750	1.728256,-0.124408,0.047795	1.516317,-0.125134,-0.133230	1.433583,0.134980,0.055240	1.754382,0.158583,0.045478	1.554758,0.188215,-0.146782	1.298132,0.130704,-0.250053	12
1.802448,0.024662,0.231423	1.755186,0.016566,0.127323	0.000000,0.000000,0.000000	1.717904,0.017509,0.059126	1.606975,0.020331,-0.145024	1.513891,0.014398,-0.308211	1.728214,-0.124145,0.046284	1.515965,-0.125455,-0.134066	1.445006,0.137000,0.055986	1.753662,0.158436,0.043869	1.555263,0.187967,-0.149370	1.296354,0.136161,-0.250062	12
1.802681,0.024582,0.230274	1.756169,0.016566,0.126110	0.000000,0.000000,0.000000	1.718734,0.017508,0.057997	1.606992,0.020327,-0.145822	1.513627,0.014363,-0.308728	1.728173,-0.124284,0.045427	1.515974,-0.125603,-0.134917	1.454273,0.146209,0.044873	1.752795,0.158197,0.042082	1.556426,0.187606,-0.153164	1.296622,0.135626,-0.251645	12
1.802829,0.024510,0.229123	1.757106,0.016566,0.124823	0.000000,0.000000,0.000000	1.719513,0.017507,0.056796	1.607328,0.020314,-0.146844	1.513335,0.014331,-0.309324	1.728134,-0.124594,0.044858	1.516670,-0.125672,-0.135925	1.455104,0.156545,0.026786	1.752526,0.158136,0.040573	1.560498,0.186628,-0.158638	1.301671,0.123764,-0.252678	12
1.802957,0.024433,0.227990	1.758076,0.016566,0.123490	0.000000,0.000000,0.000000	1.720310,0.017504,0.055560	1.607637,0.020300,-0.147809	1.513025,0.014301,-0.309933	1.728048,-0.124831,0.044275	1.517853,-0.125717,-0.137271	1.451176,0.164868,0.007332	1.752680,0.158263,0.039439	1.562494,0.185887,-0.161058	1.310373,0.099609,-0.252623	12
1.803188,0.024401,0.226745	1.759070,0.016566,0.122052	0.000000,0.000000,0.000000	1.721153,0.017501,0.054205	1.608159,0.020283,-0.149045	1.511957,0.014299,-0.310174	1.727939,-0.124937,0.043528	1.519830,-0.125773,-0.139326	1.444976,0.166206,-0.002632	1.753031,0.158195,0.037998	1.563340,0.185301,-0.162085	1.315891,0.087501,-0.256261	12
1.803577,0.024416,0.225401	1.760054,0.016567,0.120568	0.000000,0.000000,0.000000	1.722033,0.017497,0.052779	1.608871,0.020265,-0.150400	1.510510,0.014320,-0.310209	1.727829,-0.124958,0.042731	1.521845,-0.125870,-0.141435	1.439044,0.147954,0.024788	1.753468,0.158151,0.036674	1.563513,0.184893,-0.162213	1.309312,0.108542,-0.256056	12
1.804069,0.024475,0.224022	1.761064,0.016568,0.119064	0.000000,0.000000,0.000000	1.722983,0.017493,0.051309	1.609794,0.020243,-0.151841	1.509354,0.014356,-0.310392	1.727733,-0.124918,0.041935	1.523545,-0.126136,-0.143739	1.435959,0.131432,0.044249	1.753969,0.158499,0.036100	1.563058,0.185267,-0.161407	1.304009,0.124206,-0.254119	12
1.805078,0.024648,0.223560	1.762069,0.016568,0.117532	0.000000,0.000000,0.000000	1.723786,0.017492,0.049891	1.609457,0.020252,-0.152630	1.508724,0.014395,-0.310957	1.727642,-0.124808,0.041093	1.524768,-0.126516,-0.146277	1.441721,0.127252,0.048729	1.754664,0.158922,0.035708	1.561986,0.186116,-0.160255	1.301692,0.129600,-0.254052	12
1.806047,0.024818,0.223465	1.763049,0.016569,0.116028	0.000000,0.000000,0.000000	1.724500,0.017493,0.048539	1.609208,0.020259,-0.153411	1.509052,0.014412,-0.312117	1.727646,-0.124772,0.040370	1.526453,-0.126670,-0.149813	1.446510,0.125207,0.048195	1.755568,0.159376,0.035381	1.559917,0.187265,-0.158498	1.307772,0.104605,-0.251775	12
1.806913,0.024972,0.223117	1.763986,0.016570,0.114373	0.000000,0.000000,0.000000	1.725137,0.017496,0.047056	1.608861,0.020268,-0.154471	1.510264,0.014436,-0.313993	1.727656,-0.124778,0.039552	1.529709,-0.126619,-0.151554	1.438787,0.131242,0.034979	1.756559,0.159892,0.035000	1.561715,0.187476,-0.157309	1.305174,0.121964,-0.252516	12
1.807685,0.025107,0.222103	1.764897,0.016571,0.112373	0.000000,0.000000,0.000000	1.725712,0.017468,0.045251	1.608356,0.020051,-0.155926	1.511686,0.013016,-0.316283	1.727612,-0.124771,0.038432	1.529283,-0.126608,-0.152409	1.435056,0.139210,0.023153	1.757502,0.160488,0.034484	1.563962,0.187428,-0.159337	1.304447,0.132033,-0.254679	12
1.808275,0.025210,0.220227	1.765527,0.016572,0.109901	0.000000,0.000000,0.000000	1.726008,0.017423,0.042974	1.607480,0.019826,-0.157987	1.512545,0.010360,-0.318771	1.727755,-0.124175,0.035343	1.527522,-0.126622,-0.154424	1.429123,0.128301,0.033633	1.758251,0.160970,0.033146	1.565651,0.187369,-0.162594	1.304929,0.133322,-0.256808	12
1.808537,0.025249,0.218146	1.765881,0.016572,0.107365	0.000000,0.000000,0.000000	1.726065,0.017346,0.040613	1.606601,0.019431,-0.159858	1.512729,0.006678,-0.320965	1.727958,-0.123424,0.031539	1.525517,-0.126668,-0.156705	1.430257,0.121167,0.041744	1.759513,0.161059,0.030741	1.566628,0.187346,-0.165564	1.307228,0.118490,-0.252719	12
1.808565,0.025237,0.216175	1.766052,0.016573,0.104899	0.000000,0.000000,0.000000	1.725985,0.017252,0.038297	1.605834,0.019018,-0.161699	1.512368,0.003451,-0.322871	1.728276,-0.122309,0.026773	1.523480,-0.126737,-0.159046	1.439051,0.129665,0.033190	1.761318,0.160548,0.026996	1.566660,0.187443,-0.167624	1.305158,0.128207,-0.255908	12
1.808393,0.025189,0.214379	1.766119,0.016574,0.102411	0.000000,0.000000,0.000000	1.725822,0.017156,0.035947	1.604984,0.018657,-0.163654	1.511557,0.002886,-0.324833	1.728427,-0.121841,0.023001	1.521857,-0.126772,-0.160301	1.448381,0.145707,0.014302	1.762214,0.159994,0.023042	1.565932,0.187605,-0.169323	1.303164,0.135682,-0.259000	12
