joint_position_head	joint_position_neck	joint_position_shoulder	joint_position_spine_top	joint_position_spine_mid	joint_position_spine_bottom	joint_position_left_shoulder	joint_position_left_elbow	joint_position_left_hand	joint_position_right_shoulder	joint_position_right_elbow	joint_position_right_hand	
XYZ order
1.625414,0.048516,0.311142	1.618250,0.045085,0.203754	0.000000,0.000000,0.000000	1.615665,0.043885,0.134069	1.608122,0.040385,-0.069313	1.558297,0.038141,-0.216249	1.618427,-0.094478,0.107903	1.586014,-0.149874,-0.114564	1.361629,-0.060662,-0.198853	1.608257,0.180721,0.102924	1.581918,0.238148,-0.119831	1.364014,0.169764,-0.236151	12
1.625577,0.048411,0.309391	1.618254,0.045086,0.202944	0.000000,0.000000,0.000000	1.615669,0.043843,0.133260	1.608127,0.040216,-0.070117	1.558389,0.037894,-0.216719	1.618469,-0.094991,0.107432	1.585892,-0.150072,-0.115089	1.360906,-0.052966,-0.196133	1.608585,0.180212,0.101010	1.581933,0.238290,-0.121538	1.361508,0.169042,-0.236900	12
1.626074,0.048289,0.307174	1.618258,0.045085,0.201848	0.000000,0.000000,0.000000	1.615677,0.043801,0.132165	1.608157,0.040062,-0.070905	1.558533,0.037605,-0.217304	1.618936,-0.095413,0.106634	1.585657,-0.150389,-0.115809	1.355945,-0.071977,-0.202776	1.608767,0.180230,0.099615	1.582062,0.238002,-0.123007	1.356110,0.172841,-0.230150	12
1.626763,0.048145,0.304746	1.618263,0.045083,0.200557	0.000000,0.000000,0.000000	1.615689,0.043760,0.130874	1.608211,0.039914,-0.071613	1.558725,0.037297,-0.217928	1.619579,-0.095759,0.105598	1.585572,-0.150471,-0.116799	1.359264,-0.068841,-0.209356	1.608870,0.180529,0.098467	1.582437,0.237108,-0.124489	1.350055,0.179142,-0.219909	12
1.627576,0.048042,0.302021	1.618268,0.045082,0.198982	0.000000,0.000000,0.000000	1.615703,0.043719,0.129300	1.608280,0.039775,-0.072360	1.559032,0.037006,-0.218812	1.620257,-0.096104,0.104346	1.585574,-0.150411,-0.118046	1.357193,-0.078187,-0.214264	1.608974,0.181042,0.097385	1.582920,0.235939,-0.126032	1.346399,0.182737,-0.215047	12
1.628285,0.047952,0.298967	1.618278,0.045081,0.196831	0.000000,0.000000,0.000000	1.615723,0.043688,0.127149	1.608361,0.039676,-0.073602	1.559143,0.036809,-0.220216	1.620648,-0.096424,0.102528	1.585995,-0.150244,-0.119986	1.359337,-0.066942,-0.216385	1.609073,0.181467,0.095657	1.583160,0.235300,-0.128038	1.350182,0.175992,-0.226985	12
1.628837,0.047860,0.295375	1.618291,0.045080,0.193651	0.000000,0.000000,0.000000	1.615729,0.043664,0.123969	1.608380,0.039603,-0.075873	1.558876,0.036688,-0.222561	1.620864,-0.096682,0.099640	1.586210,-0.150725,-0.122821	1.358540,-0.070408,-0.220240	1.609174,0.181729,0.092730	1.583206,0.235086,-0.131077	1.374994,0.160047,-0.261627	12
1.629341,0.047485,0.291436	1.618308,0.045078,0.189531	0.000000,0.000000,0.000000	1.615725,0.043628,0.119851	1.608349,0.039489,-0.079132	1.558279,0.036567,-0.225735	1.620973,-0.097538,0.096824	1.586385,-0.151340,-0.125705	1.353419,-0.088541,-0.220258	1.609180,0.182633,0.089850	1.583098,0.235095,-0.134154	1.382205,0.156262,-0.275947	12
1.629862,0.046909,0.287897	1.618329,0.045074,0.185344	0.000000,0.000000,0.000000	1.615721,0.043588,0.115666	1.608304,0.039359,-0.082539	1.557649,0.036446,-0.228930	1.621046,-0.098288,0.094019	1.586640,-0.152127,-0.128530	1.350537,-0.101163,-0.220221	1.609118,0.183644,0.087297	1.582942,0.235169,-0.136914	1.372619,0.162116,-0.266250	12
1.630491,0.046255,0.285725	1.618390,0.045070,0.182290	0.000000,0.000000,0.000000	1.615761,0.043551,0.112613	1.608301,0.039241,-0.085065	1.557319,0.036345,-0.231146	1.621104,-0.098700,0.092023	1.586741,-0.152782,-0.130473	1.349832,-0.106375,-0.220562	1.609060,0.184133,0.085340	1.582850,0.235112,-0.138992	1.359575,0.172138,-0.247334	12
1.631161,0.045751,0.284795	1.618534,0.045066,0.180428	0.000000,0.000000,0.000000	1.615877,0.043517,0.110753	1.608341,0.039124,-0.086792	1.557730,0.036304,-0.232970	1.621907,-0.098968,0.091126	1.586872,-0.153128,-0.131245	1.351298,-0.104430,-0.221425	1.609027,0.184335,0.084271	1.582836,0.234918,-0.140153	1.351571,0.178670,-0.234318	12
1.631886,0.045431,0.284667	1.618858,0.045062,0.179441	0.000000,0.000000,0.000000	1.616142,0.043489,0.109769	1.608426,0.039022,-0.088141	1.558501,0.036294,-0.234775	1.623038,-0.099056,0.090844	1.587004,-0.153301,-0.131345	1.355849,-0.094601,-0.224352	1.609021,0.184287,0.083749	1.582867,0.234659,-0.140726	1.349763,0.180184,-0.231572	12
1.632607,0.045256,0.284858	1.619305,0.045057,0.178901	0.000000,0.000000,0.000000	1.616513,0.043448,0.109233	1.608543,0.038853,-0.089627	1.559481,0.036270,-0.237060	1.624261,-0.099066,0.090847	1.587333,-0.153385,-0.131178	1.361096,-0.082559,-0.226009	1.609032,0.184074,0.083411	1.583002,0.234300,-0.141111	1.348961,0.182171,-0.230206	12
1.633163,0.045155,0.285102	1.619823,0.045052,0.178529	0.000000,0.000000,0.000000	1.616940,0.043393,0.108866	1.608652,0.038622,-0.091400	1.560130,0.036197,-0.239616	1.624949,-0.099081,0.090931	1.587785,-0.153461,-0.131041	1.360282,-0.081997,-0.225828	1.609053,0.183801,0.083102	1.583184,0.233297,-0.141600	1.348433,0.182777,-0.232925	12
1.633723,0.045107,0.285344	1.620408,0.045047,0.178287	0.000000,0.000000,0.000000	1.617409,0.043330,0.108630	1.608719,0.038355,-0.093185	1.560201,0.036084,-0.241861	1.625522,-0.099083,0.091030	1.588432,-0.153513,-0.130943	1.360129,-0.088009,-0.228541	1.609082,0.183468,0.082767	1.583403,0.232520,-0.142054	1.350130,0.180482,-0.236572	12
1.634228,0.045077,0.285336	1.621035,0.045041,0.177958	0.000000,0.000000,0.000000	1.617953,0.043275,0.108306	1.608964,0.038125,-0.094849	1.559957,0.035983,-0.243633	1.626014,-0.098853,0.090462	1.588581,-0.153710,-0.131348	1.360414,-0.094432,-0.232461	1.609349,0.182518,0.081276	1.583482,0.231832,-0.143466	1.350733,0.180378,-0.238729	12
1.634678,0.045050,0.285065	1.621683,0.045035,0.177540	0.000000,0.000000,0.000000	1.618506,0.043226,0.107893	1.609195,0.037924,-0.096247	1.559596,0.035893,-0.244917	1.626430,-0.098581,0.089435	1.588476,-0.153821,-0.132190	1.362453,-0.100310,-0.239920	1.609730,0.181028,0.078704	1.583447,0.231305,-0.145775	1.350026,0.181959,-0.239134	12
1.635143,0.045012,0.284573	1.622338,0.045028,0.177058	0.000000,0.000000,0.000000	1.619054,0.043189,0.107417	1.609401,0.037781,-0.097310	1.559249,0.035832,-0.245742	1.626683,-0.098203,0.087988	1.588398,-0.153975,-0.133447	1.367265,-0.096255,-0.247742	1.610149,0.179892,0.076421	1.583436,0.230481,-0.147938	1.355553,0.175427,-0.249411	12
1.635619,0.044968,0.283910	1.623002,0.045020,0.176540	0.000000,0.000000,0.000000	1.619604,0.043163,0.106905	1.609607,0.037697,-0.098044	1.559014,0.035798,-0.246205	1.627081,-0.097428,0.085887	1.588245,-0.154240,-0.135186	1.369180,-0.090493,-0.249705	1.610556,0.179426,0.075010	1.583415,0.230116,-0.149275	1.362607,0.166258,-0.259665	12
1.636105,0.044917,0.283098	1.623665,0.045012,0.175982	0.000000,0.000000,0.000000	1.620152,0.043145,0.106353	1.609815,0.037653,-0.098506	1.558882,0.035782,-0.246398	1.627517,-0.096005,0.082864	1.588151,-0.154495,-0.137674	1.365168,-0.092914,-0.247709	1.610934,0.179215,0.073973	1.583302,0.230218,-0.150181	1.356998,0.171408,-0.254056	12
1.636600,0.044863,0.282185	1.624332,0.045004,0.175411	0.000000,0.000000,0.000000	1.620703,0.043131,0.105788	1.610046,0.037632,-0.098735	1.558836,0.035776,-0.246368	1.628127,-0.095410,0.081142	1.588491,-0.154065,-0.139308	1.358965,-0.103543,-0.240746	1.611303,0.179182,0.073202	1.583152,0.230517,-0.150811	1.352225,0.176164,-0.247171	12
1.637091,0.044804,0.281201	1.624997,0.044995,0.174830	0.000000,0.000000,0.000000	1.621255,0.043121,0.105213	1.610291,0.037629,-0.098793	1.558889,0.035778,-0.246193	1.628799,-0.095171,0.079996	1.588917,-0.153582,-0.140475	1.366232,-0.074311,-0.233992	1.611668,0.179231,0.072567	1.583017,0.230826,-0.151323	1.351730,0.176639,-0.246829	12
1.637581,0.044744,0.280141	1.625654,0.044985,0.174221	0.000000,0.000000,0.000000	1.621805,0.043111,0.104610	1.610561,0.037637,-0.098731	1.559013,0.035783,-0.245915	1.629383,-0.095080,0.079070	1.589124,-0.153455,-0.141342	1.396368,-0.023474,-0.231064	1.612039,0.179275,0.071918	1.582896,0.231103,-0.151855	1.355986,0.172451,-0.253764	12
1.637974,0.044682,0.278981	1.626298,0.044974,0.173530	0.000000,0.000000,0.000000	1.622344,0.043101,0.103925	1.610837,0.037650,-0.098610	1.559171,0.035790,-0.245591	1.629918,-0.095081,0.078205	1.589241,-0.153492,-0.142121	1.399505,-0.013395,-0.234331	1.612197,0.179270,0.071158	1.582810,0.231368,-0.152521	1.363044,0.165795,-0.264676	12
1.638442,0.044622,0.277721	1.626941,0.044962,0.172760	0.000000,0.000000,0.000000	1.622880,0.043097,0.103161	1.611105,0.037689,-0.098636	1.559381,0.035801,-0.245227	1.630414,-0.095120,0.077312	1.589301,-0.153597,-0.142915	1.338710,-0.036175,-0.257128	1.612268,0.179250,0.070310	1.582727,0.231772,-0.153249	1.361499,0.167833,-0.263344	12
1.638963,0.044120,0.274857	1.627820,0.044226,0.170145	0.000000,0.000000,0.000000	1.623591,0.042483,0.100552	1.611345,0.037436,-0.100979	1.558783,0.035635,-0.248656	1.630667,-0.096598,0.075774	1.589284,-0.153497,-0.144811	1.321905,-0.083925,-0.260600	1.612259,0.179062,0.068546	1.582529,0.232128,-0.154859	1.355214,0.175032,-0.254556	12
1.639390,0.043255,0.271192	1.628839,0.043043,0.166390	0.000000,0.000000,0.000000	1.624385,0.041488,0.096808	1.611473,0.036982,-0.104909	1.557714,0.035387,-0.254182	1.630790,-0.098699,0.073481	1.589168,-0.153480,-0.147590	1.319201,-0.104751,-0.268087	1.612238,0.179015,0.066585	1.582333,0.232442,-0.156711	1.350564,0.180644,-0.248307	12
1.639723,0.042416,0.267370	1.629903,0.041669,0.162178	0.000000,0.000000,0.000000	1.625191,0.040360,0.092608	1.611494,0.036559,-0.109559	1.556808,0.035206,-0.260551	1.630842,-0.100892,0.070631	1.588954,-0.153575,-0.150900	1.320827,-0.102298,-0.274330	1.612240,0.178891,0.064398	1.582165,0.233163,-0.158670	1.355019,0.175983,-0.257497	12
1.640079,0.041643,0.264097	1.630998,0.040224,0.158428	0.000000,0.000000,0.000000	1.626002,0.039193,0.088873	1.611446,0.036191,-0.113759	1.556926,0.035088,-0.264898	1.630857,-0.102378,0.067123	1.588733,-0.153744,-0.154680	1.324412,-0.087463,-0.272447	1.612362,0.177984,0.061754	1.582010,0.234148,-0.160803	1.370437,0.164508,-0.277140	12
1.640425,0.041047,0.261785	1.632087,0.039091,0.155658	0.000000,0.000000,0.000000	1.626818,0.038269,0.086120	1.611433,0.035871,-0.116903	1.557371,0.034935,-0.267629	1.630869,-0.103663,0.064945	1.588794,-0.153510,-0.157215	1.321642,-0.089458,-0.269043	1.612515,0.177458,0.060364	1.582089,0.234672,-0.161918	1.383072,0.156935,-0.293445	12
