joint_position_head	joint_position_neck	joint_position_shoulder	joint_position_spine_top	joint_position_spine_mid	joint_position_spine_bottom	joint_position_left_shoulder	joint_position_left_elbow	joint_position_left_hand	joint_position_right_shoulder	joint_position_right_elbow	joint_position_right_hand	
XYZ order
1.683169,0.026313,0.207273	1.669294,0.019887,0.123221	0.000000,0.000000,0.000000	1.665026,0.020236,0.059593	1.652724,0.021240,-0.123806	1.598853,0.016947,-0.272650	1.665206,-0.105160,0.094972	1.674093,-0.195734,0.286129	1.713288,-0.049141,0.458903	1.677708,0.145526,0.098824	1.715795,0.235067,0.286854	1.742592,0.069088,0.443729	12
1.683099,0.026432,0.207645	1.669294,0.019884,0.123222	0.000000,0.000000,0.000000	1.664943,0.020224,0.059600	1.652340,0.021208,-0.124658	1.598339,0.016971,-0.273435	1.665257,-0.105022,0.095726	1.674084,-0.196019,0.286684	1.713367,-0.048652,0.459344	1.677329,0.145377,0.099543	1.715834,0.235306,0.287301	1.742542,0.068600,0.444041	12
1.683065,0.026607,0.208090	1.669293,0.019893,0.123225	0.000000,0.000000,0.000000	1.664844,0.020216,0.059609	1.651904,0.021155,-0.125396	1.597891,0.017010,-0.274153	1.665262,-0.104772,0.096049	1.674055,-0.196049,0.286875	1.713374,-0.048414,0.459757	1.676889,0.145179,0.099948	1.715887,0.235735,0.287303	1.742355,0.068537,0.444066	12
1.683059,0.026816,0.208567	1.669293,0.019907,0.123235	0.000000,0.000000,0.000000	1.664762,0.020210,0.059626	1.651544,0.021094,-0.125963	1.597440,0.017053,-0.274655	1.665264,-0.104487,0.096225	1.673975,-0.195998,0.286942	1.713257,-0.048185,0.460037	1.676453,0.144960,0.100211	1.715886,0.236215,0.287135	1.742091,0.068779,0.444082	12
1.683068,0.026980,0.209052	1.669292,0.019919,0.123254	0.000000,0.000000,0.000000	1.664640,0.020201,0.059653	1.651035,0.021024,-0.126328	1.597052,0.017077,-0.274985	1.665267,-0.104209,0.096351	1.673857,-0.195908,0.286984	1.712991,-0.047925,0.460243	1.675998,0.144735,0.100362	1.715581,0.236116,0.287193	1.741909,0.068617,0.444355	12
1.683083,0.027112,0.209526	1.669292,0.019930,0.123277	0.000000,0.000000,0.000000	1.664490,0.020190,0.059687	1.650429,0.020952,-0.126512	1.596754,0.017086,-0.275153	1.665271,-0.103953,0.096458	1.673707,-0.195809,0.287022	1.712444,-0.047593,0.460380	1.675516,0.144538,0.100551	1.715086,0.235660,0.287512	1.741792,0.068156,0.444836	12
1.683113,0.027238,0.209952	1.669291,0.019940,0.123303	0.000000,0.000000,0.000000	1.664332,0.020184,0.059725	1.649804,0.020899,-0.126534	1.596657,0.017097,-0.275207	1.665266,-0.103713,0.096523	1.673543,-0.195618,0.287070	1.711784,-0.047204,0.460531	1.674983,0.144365,0.100723	1.714653,0.235483,0.287665	1.741506,0.067919,0.445078	12
1.683151,0.027359,0.210315	1.669289,0.019951,0.123327	0.000000,0.000000,0.000000	1.664175,0.020181,0.059761	1.649195,0.020856,-0.126454	1.596673,0.017108,-0.275171	1.665259,-0.103495,0.096570	1.673333,-0.195410,0.287121	1.711003,-0.046818,0.460680	1.674493,0.144201,0.100842	1.714166,0.235408,0.287740	1.741163,0.067845,0.445269	12
1.683191,0.027488,0.210638	1.669288,0.020133,0.123363	0.000000,0.000000,0.000000	1.664069,0.020305,0.059805	1.648786,0.020809,-0.126316	1.596725,0.017128,-0.275019	1.665275,-0.103144,0.096637	1.673075,-0.195179,0.287141	1.710054,-0.046466,0.460843	1.674034,0.144255,0.101021	1.713644,0.235420,0.287953	1.740841,0.067819,0.445515	12
1.683226,0.027619,0.210922	1.669288,0.020445,0.123406	0.000000,0.000000,0.000000	1.664009,0.020524,0.059853	1.648559,0.020754,-0.126148	1.596785,0.017149,-0.274789	1.665303,-0.102712,0.096718	1.672754,-0.194916,0.287155	1.709018,-0.045695,0.460652	1.673532,0.144481,0.101200	1.713096,0.235471,0.288226	1.740373,0.067804,0.445792	12
1.683254,0.027748,0.211172	1.669287,0.020839,0.123454	0.000000,0.000000,0.000000	1.663978,0.020801,0.059904	1.648451,0.020692,-0.125949	1.596835,0.017171,-0.274519	1.665338,-0.102250,0.096807	1.672387,-0.194589,0.287194	1.707881,-0.044527,0.460184	1.673049,0.144826,0.101332	1.712427,0.235604,0.288501	1.739807,0.067761,0.445930	12
1.683278,0.027882,0.211399	1.669287,0.021449,0.123504	0.000000,0.000000,0.000000	1.663961,0.021233,0.059956	1.648398,0.020600,-0.125720	1.596876,0.017194,-0.274239	1.665377,-0.101648,0.096959	1.671938,-0.194269,0.287226	1.706598,-0.043314,0.459658	1.672524,0.145443,0.101416	1.711656,0.235803,0.288837	1.739262,0.067658,0.445959	12
1.682620,0.028023,0.211670	1.669284,0.022151,0.123553	0.000000,0.000000,0.000000	1.663960,0.021729,0.060005	1.648413,0.020499,-0.125573	1.597374,0.017247,-0.274406	1.665370,-0.101025,0.097128	1.671403,-0.193920,0.287279	1.705215,-0.041171,0.458327	1.671988,0.146170,0.101243	1.710805,0.236252,0.288864	1.737764,0.068299,0.446346	12
1.680539,0.028169,0.212018	1.669278,0.022872,0.123597	0.000000,0.000000,0.000000	1.663967,0.022243,0.060050	1.648456,0.020407,-0.125551	1.598313,0.017324,-0.275300	1.665339,-0.100443,0.097289	1.670738,-0.193648,0.287307	1.704545,-0.038672,0.456367	1.671514,0.146951,0.100937	1.709966,0.236959,0.288669	1.735173,0.069488,0.446980	12
1.677977,0.028307,0.212303	1.669271,0.023618,0.123648	0.000000,0.000000,0.000000	1.663971,0.022776,0.060102	1.648483,0.020316,-0.125598	1.598648,0.017362,-0.276142	1.665302,-0.099892,0.097447	1.669871,-0.193288,0.287392	1.704455,-0.036774,0.454905	1.670941,0.147826,0.100708	1.708871,0.237548,0.288682	1.731589,0.070466,0.447800	12
1.675857,0.028437,0.212468	1.669264,0.024366,0.123709	0.000000,0.000000,0.000000	1.663961,0.023309,0.060167	1.648459,0.020220,-0.125587	1.598208,0.017356,-0.276348	1.665261,-0.099387,0.097601	1.668695,-0.192896,0.287515	1.704844,-0.035996,0.454363	1.670277,0.148770,0.100579	1.707806,0.238029,0.288854	1.727677,0.071375,0.448822	12
1.675085,0.028575,0.212505	1.669257,0.025145,0.123777	0.000000,0.000000,0.000000	1.663943,0.023863,0.060240	1.648411,0.020117,-0.125472	1.597225,0.017322,-0.275654	1.665253,-0.098900,0.097751	1.667184,-0.192476,0.287651	1.705184,-0.036024,0.454526	1.669617,0.149802,0.100522	1.706820,0.238498,0.289128	1.725972,0.071610,0.448973	12
1.675109,0.028722,0.212479	1.669250,0.025937,0.123849	0.000000,0.000000,0.000000	1.663911,0.024424,0.060320	1.648318,0.020007,-0.125214	1.595946,0.017278,-0.274005	1.665260,-0.098460,0.097981	1.665255,-0.192402,0.287708	1.705459,-0.036604,0.454690	1.668916,0.150898,0.100520	1.706545,0.238815,0.289404	1.725210,0.070959,0.448306	12
1.675351,0.029123,0.212539	1.669242,0.026714,0.123976	0.000000,0.000000,0.000000	1.663819,0.024963,0.060460	1.648024,0.019864,-0.124543	1.595066,0.017356,-0.271976	1.665188,-0.098461,0.100634	1.662840,-0.193752,0.289669	1.705853,-0.036700,0.454759	1.668474,0.152108,0.101370	1.706625,0.239194,0.290534	1.724863,0.069235,0.447228	12
1.675588,0.029683,0.212712	1.669234,0.027467,0.124139	0.000000,0.000000,0.000000	1.663711,0.025473,0.060638	1.647703,0.019697,-0.123435	1.594855,0.017463,-0.270085	1.665081,-0.098563,0.104609	1.660131,-0.195924,0.292531	1.706183,-0.036636,0.454619	1.668190,0.153364,0.103133	1.706951,0.239753,0.292493	1.724601,0.066566,0.445657	12
1.675777,0.030352,0.212983	1.669225,0.028204,0.124315	0.000000,0.000000,0.000000	1.663594,0.025962,0.060833	1.647382,0.019511,-0.121916	1.595071,0.017584,-0.268525	1.664982,-0.098260,0.106677	1.657185,-0.197128,0.293716	1.706155,-0.037335,0.453665	1.668003,0.154559,0.105443	1.707562,0.240388,0.294892	1.724153,0.063427,0.442895	12
1.675892,0.031047,0.213338	1.669216,0.028922,0.124498	0.000000,0.000000,0.000000	1.663498,0.026438,0.061032	1.647170,0.019345,-0.120193	1.595465,0.017685,-0.267294	1.664812,-0.097693,0.107600	1.655831,-0.197680,0.294004	1.705519,-0.037978,0.452772	1.667767,0.155467,0.106633	1.707808,0.240590,0.296302	1.724093,0.063213,0.442746	12
1.675950,0.031771,0.213745	1.669207,0.029625,0.124675	0.000000,0.000000,0.000000	1.663450,0.026918,0.061222	1.647134,0.019245,-0.118625	1.595871,0.017758,-0.266314	1.664634,-0.096977,0.107911	1.655367,-0.197857,0.293825	1.705167,-0.038035,0.452189	1.667674,0.156155,0.106904	1.707750,0.240523,0.296903	1.724290,0.064385,0.444538	12
1.675973,0.032503,0.214210	1.669198,0.030362,0.124854	0.000000,0.000000,0.000000	1.663432,0.027434,0.061411	1.647188,0.019182,-0.117345	1.596232,0.017814,-0.265519	1.664454,-0.096129,0.107957	1.655339,-0.197851,0.293420	1.704851,-0.037799,0.451795	1.667626,0.156744,0.106647	1.707620,0.240614,0.296884	1.724541,0.065997,0.446431	12
1.675991,0.033191,0.214688	1.669188,0.031082,0.125030	0.000000,0.000000,0.000000	1.663433,0.027944,0.061596	1.647283,0.019138,-0.116384	1.596526,0.017859,-0.264875	1.664298,-0.095243,0.107916	1.655475,-0.197782,0.292940	1.704608,-0.037717,0.451727	1.667597,0.157235,0.106156	1.707482,0.240984,0.296469	1.725031,0.069630,0.449946	12
1.676021,0.033931,0.215113	1.669179,0.031828,0.125201	0.000000,0.000000,0.000000	1.663438,0.028474,0.061777	1.647374,0.019087,-0.115685	1.596755,0.017901,-0.264361	1.664194,-0.094299,0.107871	1.655638,-0.197722,0.292412	1.704397,-0.037779,0.451767	1.667573,0.157705,0.105586	1.707338,0.241511,0.295899	1.725235,0.071161,0.450834	12
1.676054,0.034475,0.215472	1.669169,0.032451,0.125369	0.000000,0.000000,0.000000	1.663444,0.028918,0.061953	1.647451,0.019047,-0.115190	1.596931,0.017937,-0.263947	1.664277,-0.093473,0.107838	1.655739,-0.197672,0.291941	1.704172,-0.037776,0.451734	1.667540,0.158022,0.104955	1.707209,0.242120,0.295159	1.725198,0.071565,0.450183	12
1.676088,0.034811,0.215732	1.669159,0.032929,0.125495	0.000000,0.000000,0.000000	1.663449,0.029261,0.062085	1.647511,0.019020,-0.114886	1.597060,0.017971,-0.263650	1.664317,-0.092796,0.107770	1.655840,-0.197609,0.291527	1.704003,-0.037765,0.451690	1.667503,0.158215,0.104405	1.707181,0.242776,0.294401	1.725045,0.071753,0.449176	12
1.676127,0.035029,0.215964	1.669149,0.033350,0.125656	0.000000,0.000000,0.000000	1.663454,0.029564,0.062252	1.647563,0.018997,-0.114644	1.597180,0.018002,-0.263372	1.664326,-0.092180,0.107700	1.655933,-0.197547,0.291143	1.703891,-0.037868,0.451718	1.667467,0.158328,0.103721	1.707159,0.243407,0.293482	1.724940,0.072404,0.448482	12
