joint_position_head	joint_position_neck	joint_position_shoulder	joint_position_spine_top	joint_position_spine_mid	joint_position_spine_bottom	joint_position_left_shoulder	joint_position_left_elbow	joint_position_left_hand	joint_position_right_shoulder	joint_position_right_elbow	joint_position_right_hand	
XYZ order
1.603070,0.015153,0.326566	1.600147,0.022510,0.230628	0.000000,0.000000,0.000000	1.606187,0.021906,0.161411	1.622508,0.020272,-0.025614	1.581507,0.021210,-0.184318	1.609240,-0.110194,0.161781	1.653359,-0.336275,0.149405	1.619213,-0.579911,0.193990	1.609748,0.156210,0.163806	1.669690,0.378652,0.175603	1.661936,0.621899,0.232881	12
1.603071,0.015153,0.326566	1.600147,0.022491,0.230628	0.000000,0.000000,0.000000	1.606183,0.021894,0.161410	1.622498,0.020277,-0.025678	1.581505,0.021211,-0.184333	1.609285,-0.110219,0.161766	1.654770,-0.336027,0.149376	1.620745,-0.576362,0.192355	1.609747,0.156208,0.163806	1.669702,0.378674,0.175020	1.661905,0.618335,0.232165	12
1.603071,0.015153,0.326566	1.600147,0.022473,0.230628	0.000000,0.000000,0.000000	1.606178,0.021882,0.161410	1.622485,0.020283,-0.025747	1.581504,0.021213,-0.184347	1.609330,-0.110243,0.161751	1.656201,-0.335768,0.149367	1.621846,-0.575372,0.191332	1.609747,0.156205,0.163805	1.669718,0.378680,0.174763	1.661775,0.617446,0.232020	12
1.603072,0.015153,0.326566	1.600147,0.022453,0.230628	0.000000,0.000000,0.000000	1.606168,0.021870,0.161409	1.622457,0.020291,-0.025865	1.581510,0.021214,-0.184375	1.609377,-0.110268,0.161735	1.657558,-0.335518,0.149375	1.621940,-0.575571,0.190642	1.609747,0.156202,0.163805	1.669795,0.378659,0.174705	1.661579,0.617885,0.232160	12
1.603074,0.015153,0.326566	1.600147,0.022434,0.230628	0.000000,0.000000,0.000000	1.606154,0.021858,0.161408	1.622422,0.020299,-0.026050	1.581521,0.021215,-0.184422	1.609423,-0.110293,0.161719	1.658316,-0.335394,0.149401	1.622079,-0.576474,0.190181	1.609747,0.156200,0.163804	1.669831,0.378645,0.174743	1.661466,0.618859,0.232386	12
1.603077,0.015154,0.326565	1.600147,0.022414,0.230628	0.000000,0.000000,0.000000	1.606138,0.021846,0.161406	1.622384,0.020307,-0.026314	1.581537,0.021217,-0.184489	1.609467,-0.110319,0.161702	1.658754,-0.335337,0.149435	1.622227,-0.577541,0.189831	1.609747,0.156197,0.163803	1.669842,0.378636,0.174819	1.661428,0.619921,0.232606	12
1.603081,0.015154,0.326565	1.600147,0.022395,0.230628	0.000000,0.000000,0.000000	1.606121,0.021835,0.161405	1.622350,0.020315,-0.026641	1.581551,0.021218,-0.184571	1.609511,-0.110345,0.161686	1.659062,-0.335308,0.149476	1.622455,-0.578499,0.189732	1.609747,0.156196,0.163802	1.669844,0.378632,0.174850	1.661423,0.620845,0.232847	12
1.603085,0.015154,0.326565	1.600147,0.022376,0.230628	0.000000,0.000000,0.000000	1.606105,0.021825,0.161403	1.622323,0.020322,-0.027017	1.581563,0.021220,-0.184663	1.609555,-0.110371,0.161670	1.659109,-0.335334,0.149503	1.623000,-0.579384,0.189791	1.609746,0.156194,0.163800	1.669840,0.378632,0.174851	1.661471,0.621588,0.233071	12
1.603090,0.015154,0.326565	1.600147,0.022357,0.230628	0.000000,0.000000,0.000000	1.606088,0.021814,0.161402	1.622294,0.020330,-0.027446	1.581577,0.021221,-0.184771	1.609599,-0.110396,0.161654	1.659032,-0.335388,0.149511	1.623124,-0.580064,0.189919	1.609746,0.156193,0.163798	1.669835,0.378631,0.174851	1.661561,0.622166,0.233259	12
1.603094,0.015154,0.326565	1.600147,0.022338,0.230628	0.000000,0.000000,0.000000	1.606069,0.021803,0.161400	1.622266,0.020337,-0.027925	1.581590,0.021222,-0.184891	1.609645,-0.110422,0.161637	1.658887,-0.335456,0.149510	1.623015,-0.580586,0.190068	1.609746,0.156191,0.163796	1.669829,0.378631,0.174849	1.661667,0.622604,0.233424	12
1.603100,0.015154,0.326565	1.600147,0.022319,0.230628	0.000000,0.000000,0.000000	1.606050,0.021791,0.161398	1.622239,0.020345,-0.028452	1.581605,0.021224,-0.185027	1.609690,-0.110449,0.161621	1.658837,-0.335504,0.149501	1.622685,-0.580935,0.190173	1.609746,0.156189,0.163793	1.669826,0.378630,0.174847	1.661810,0.622939,0.233553	12
1.603105,0.015154,0.326565	1.600147,0.022297,0.230628	0.000000,0.000000,0.000000	1.606031,0.021779,0.161397	1.622215,0.020351,-0.029019	1.581618,0.021225,-0.185173	1.609733,-0.110477,0.161603	1.658838,-0.335541,0.149486	1.622216,-0.581168,0.190241	1.609746,0.156185,0.163789	1.669823,0.378627,0.174847	1.661985,0.623194,0.233669	12
1.603112,0.015154,0.326565	1.600147,0.022276,0.230628	0.000000,0.000000,0.000000	1.606013,0.021766,0.161395	1.622197,0.020358,-0.029606	1.581630,0.021227,-0.185328	1.609779,-0.110506,0.161585	1.658825,-0.335582,0.149465	1.621749,-0.581346,0.190292	1.609746,0.156182,0.163784	1.669821,0.378623,0.174853	1.662171,0.623393,0.233764	12
1.603119,0.015153,0.326565	1.600147,0.022254,0.230628	0.000000,0.000000,0.000000	1.605995,0.021752,0.161393	1.622179,0.020363,-0.030214	1.581639,0.021228,-0.185488	1.609829,-0.110535,0.161567	1.658805,-0.335625,0.149416	1.621213,-0.581466,0.190339	1.609745,0.156177,0.163779	1.669821,0.378618,0.174861	1.662354,0.623550,0.233838	12
1.603127,0.015154,0.326565	1.600147,0.022232,0.230628	0.000000,0.000000,0.000000	1.605977,0.021738,0.161392	1.622164,0.020369,-0.030831	1.581646,0.021230,-0.185652	1.609879,-0.110566,0.161547	1.658784,-0.335667,0.149318	1.620556,-0.581519,0.190396	1.609745,0.156173,0.163773	1.669820,0.378613,0.174865	1.662530,0.623683,0.233856	12
1.603135,0.015154,0.326565	1.600147,0.022208,0.230628	0.000000,0.000000,0.000000	1.605958,0.021724,0.161390	1.622144,0.020375,-0.031470	1.581654,0.021232,-0.185821	1.609927,-0.110595,0.161524	1.658756,-0.335706,0.149158	1.619898,-0.581527,0.190473	1.609745,0.156168,0.163767	1.669821,0.378608,0.174867	1.662600,0.623794,0.233837	12
1.603146,0.015154,0.326565	1.600147,0.022185,0.230628	0.000000,0.000000,0.000000	1.605942,0.021710,0.161389	1.622135,0.020381,-0.032097	1.581662,0.021233,-0.185991	1.609982,-0.110624,0.161499	1.658715,-0.335744,0.148937	1.619296,-0.581509,0.190571	1.609744,0.156164,0.163760	1.669823,0.378603,0.174868	1.662628,0.623884,0.233803	12
1.603160,0.015153,0.326565	1.600147,0.022161,0.230628	0.000000,0.000000,0.000000	1.605927,0.021694,0.161387	1.622129,0.020384,-0.032699	1.581671,0.021235,-0.186162	1.610041,-0.110651,0.161470	1.658692,-0.335775,0.148661	1.618680,-0.581447,0.190689	1.609744,0.156160,0.163754	1.669828,0.378597,0.174870	1.662630,0.623949,0.233800	12
1.603176,0.015154,0.326564	1.600147,0.022137,0.230627	0.000000,0.000000,0.000000	1.605916,0.021677,0.161386	1.622132,0.020386,-0.033248	1.581680,0.021236,-0.186334	1.610098,-0.110679,0.161439	1.658676,-0.335802,0.148330	1.618084,-0.581350,0.190849	1.609744,0.156157,0.163748	1.669832,0.378592,0.174873	1.662568,0.623996,0.233811	12
1.603812,0.015121,0.326539	1.600147,0.022113,0.230626	0.000000,0.000000,0.000000	1.605897,0.021662,0.161383	1.622094,0.020391,-0.033670	1.581769,0.021272,-0.186512	1.610541,-0.110427,0.160928	1.658554,-0.335683,0.148044	1.617534,-0.581138,0.190951	1.609865,0.156010,0.163470	1.669789,0.378474,0.174901	1.662464,0.623941,0.233759	12
1.604828,0.015075,0.326493	1.600147,0.022089,0.230624	0.000000,0.000000,0.000000	1.605866,0.021647,0.161379	1.621999,0.020401,-0.033937	1.581882,0.021332,-0.186670	1.611133,-0.110025,0.160162	1.658380,-0.335471,0.147810	1.617473,-0.580932,0.190993	1.610031,0.155785,0.163038	1.669719,0.378287,0.174943	1.662439,0.623821,0.233671	12
1.605970,0.015019,0.326434	1.600147,0.022065,0.230623	0.000000,0.000000,0.000000	1.605829,0.021633,0.161374	1.621866,0.020415,-0.034048	1.581998,0.021403,-0.186796	1.611461,-0.109583,0.159287	1.658233,-0.335167,0.147643	1.617632,-0.580682,0.190970	1.610141,0.155528,0.162532	1.669639,0.378051,0.174989	1.662455,0.623651,0.233573	12
1.607109,0.014985,0.326371	1.600147,0.022042,0.230621	0.000000,0.000000,0.000000	1.605790,0.021620,0.161369	1.621711,0.020431,-0.034027	1.582104,0.021473,-0.186886	1.611795,-0.109170,0.158468	1.658085,-0.334895,0.147655	1.617883,-0.580523,0.190842	1.610522,0.155269,0.162053	1.669548,0.377887,0.175031	1.662494,0.623541,0.233505	12
1.607913,0.014960,0.326325	1.600147,0.022020,0.230620	0.000000,0.000000,0.000000	1.605750,0.021609,0.161364	1.621547,0.020447,-0.033899	1.582202,0.021542,-0.186943	1.612120,-0.108974,0.158020	1.657977,-0.334812,0.147697	1.618249,-0.580559,0.190747	1.611081,0.155049,0.161648	1.669463,0.377812,0.175069	1.662539,0.623504,0.233471	12
1.608500,0.014940,0.326292	1.600147,0.021999,0.230618	0.000000,0.000000,0.000000	1.605710,0.021597,0.161359	1.621378,0.020464,-0.033690	1.582301,0.021610,-0.186979	1.612455,-0.108993,0.157929	1.657902,-0.334918,0.147703	1.618585,-0.580751,0.190730	1.611665,0.154868,0.161287	1.669388,0.377778,0.175105	1.662581,0.623503,0.233450	12
1.608798,0.014927,0.326281	1.600147,0.021978,0.230616	0.000000,0.000000,0.000000	1.605671,0.021585,0.161354	1.621205,0.020480,-0.033422	1.582408,0.021672,-0.187018	1.612617,-0.109109,0.157959	1.657865,-0.335073,0.147697	1.619045,-0.580988,0.190773	1.611825,0.154751,0.160953	1.669347,0.377691,0.175134	1.662606,0.623445,0.233410	12
1.608896,0.014918,0.326283	1.600148,0.021956,0.230615	0.000000,0.000000,0.000000	1.605633,0.021575,0.161349	1.621034,0.020506,-0.033138	1.582479,0.021792,-0.187047	1.612691,-0.109191,0.157890	1.657951,-0.335155,0.147695	1.619510,-0.581133,0.190803	1.611886,0.154665,0.160641	1.669318,0.377606,0.175161	1.662623,0.623386,0.233375	12
1.608888,0.014912,0.326291	1.600148,0.021941,0.230613	0.000000,0.000000,0.000000	1.605596,0.021573,0.161345	1.620872,0.020542,-0.032873	1.582518,0.021940,-0.187067	1.612733,-0.109268,0.157828	1.658024,-0.335229,0.147698	1.620016,-0.581277,0.190837	1.611898,0.154716,0.160580	1.669331,0.377653,0.175170	1.662615,0.623438,0.233388	12
1.608839,0.014909,0.326299	1.600149,0.021932,0.230613	0.000000,0.000000,0.000000	1.605560,0.021576,0.161341	1.620714,0.020582,-0.032647	1.582533,0.022095,-0.187084	1.612763,-0.109331,0.157774	1.658095,-0.335285,0.147696	1.620482,-0.581393,0.190871	1.611894,0.154838,0.160666	1.669365,0.377770,0.175169	1.662594,0.623553,0.233420	12
1.608781,0.014908,0.326306	1.600149,0.021926,0.230612	0.000000,0.000000,0.000000	1.605520,0.021580,0.161338	1.620545,0.020612,-0.032464	1.582533,0.022194,-0.187106	1.612784,-0.109390,0.157749	1.658086,-0.335352,0.147701	1.620868,-0.581521,0.190899	1.611886,0.154969,0.160794	1.669403,0.377898,0.175158	1.662569,0.623677,0.233435	12
