joint_position_head	joint_position_neck	joint_position_shoulder	joint_position_spine_top	joint_position_spine_mid	joint_position_spine_bottom	joint_position_left_shoulder	joint_position_left_elbow	joint_position_left_hand	joint_position_right_shoulder	joint_position_right_elbow	joint_position_right_hand	
XYZ order
1.593743,0.037282,0.264384	1.585819,0.036471,0.161390	0.000000,0.000000,0.000000	1.579491,0.033387,0.085333	1.561318,0.024530,-0.133086	1.509017,0.021460,-0.310225	1.584256,-0.123666,0.092756	1.559290,-0.363116,0.045011	1.498456,-0.634122,0.050077	1.597709,0.194998,0.090084	1.670884,0.420176,0.025438	1.717540,0.692711,-0.001369	12
1.593905,0.038188,0.264309	1.585817,0.036471,0.161391	0.000000,0.000000,0.000000	1.579511,0.033401,0.085331	1.561397,0.024582,-0.133153	1.509117,0.021449,-0.310346	1.584260,-0.123789,0.092685	1.559154,-0.362985,0.044987	1.498555,-0.634043,0.050120	1.597864,0.195125,0.090051	1.670691,0.420089,0.025183	1.717322,0.692663,-0.001269	12
1.594027,0.038744,0.264239	1.585815,0.036471,0.161391	0.000000,0.000000,0.000000	1.579525,0.033421,0.085330	1.561450,0.024660,-0.133225	1.509174,0.021466,-0.310456	1.584258,-0.123917,0.092586	1.559103,-0.362901,0.044960	1.498737,-0.634009,0.050173	1.597946,0.195275,0.090012	1.670572,0.420006,0.024931	1.717251,0.692605,-0.001179	12
1.594121,0.039101,0.264177	1.585814,0.036471,0.161391	0.000000,0.000000,0.000000	1.579535,0.033448,0.085328	1.561491,0.024761,-0.133292	1.509206,0.021504,-0.310551	1.584247,-0.124068,0.092480	1.559131,-0.362877,0.044932	1.498987,-0.634033,0.050225	1.597986,0.195465,0.090000	1.670488,0.420016,0.024874	1.717231,0.692612,-0.001151	12
1.594194,0.039269,0.264128	1.585812,0.036471,0.161392	0.000000,0.000000,0.000000	1.579545,0.033477,0.085326	1.561527,0.024872,-0.133352	1.509228,0.021550,-0.310630	1.584241,-0.124237,0.092373	1.559221,-0.362919,0.044926	1.499295,-0.634122,0.050282	1.598029,0.195697,0.090044	1.670439,0.420111,0.024915	1.717221,0.692696,-0.001160	12
1.594265,0.039349,0.264088	1.585810,0.036471,0.161392	0.000000,0.000000,0.000000	1.579553,0.033510,0.085324	1.561563,0.024998,-0.133405	1.509250,0.021676,-0.310698	1.584238,-0.124429,0.092246	1.559349,-0.362988,0.044910	1.499645,-0.634238,0.050342	1.598061,0.195970,0.090099	1.670360,0.420248,0.024963	1.717194,0.692816,-0.001184	12
1.594293,0.039366,0.264061	1.585809,0.036471,0.161392	0.000000,0.000000,0.000000	1.579563,0.033544,0.085322	1.561599,0.025125,-0.133450	1.509274,0.021838,-0.310756	1.584234,-0.124649,0.092101	1.559484,-0.363082,0.044890	1.499989,-0.634377,0.050402	1.598088,0.196262,0.090121	1.670261,0.420411,0.025002	1.717109,0.692970,-0.001212	12
1.594303,0.039356,0.264040	1.585807,0.036471,0.161393	0.000000,0.000000,0.000000	1.579571,0.033567,0.085321	1.561635,0.025215,-0.133488	1.509299,0.021962,-0.310804	1.584231,-0.124868,0.091960	1.559604,-0.363243,0.044858	1.500176,-0.634550,0.050479	1.598181,0.196487,0.090010	1.670177,0.420633,0.025026	1.716922,0.693205,-0.001247	12
1.594334,0.039362,0.264024	1.585805,0.036471,0.161393	0.000000,0.000000,0.000000	1.579597,0.033582,0.085319	1.561736,0.025269,-0.133526	1.509428,0.022050,-0.310860	1.584229,-0.125079,0.091836	1.559704,-0.363460,0.044815	1.500004,-0.634704,0.050565	1.598429,0.196678,0.089883	1.670127,0.420928,0.025004	1.716589,0.693547,-0.001282	12
1.594384,0.039384,0.264012	1.585804,0.036471,0.161394	0.000000,0.000000,0.000000	1.579631,0.033591,0.085316	1.561874,0.025304,-0.133562	1.509608,0.022118,-0.310918	1.584227,-0.125278,0.091726	1.559783,-0.363671,0.044773	1.499509,-0.634784,0.050677	1.598751,0.196842,0.089753	1.670153,0.421187,0.024911	1.716084,0.693902,-0.001302	12
1.594445,0.039402,0.264005	1.585802,0.036472,0.161394	0.000000,0.000000,0.000000	1.579657,0.033596,0.085314	1.561977,0.025322,-0.133595	1.509747,0.022160,-0.310969	1.584224,-0.125460,0.091628	1.559875,-0.363849,0.044737	1.498864,-0.634794,0.050817	1.599096,0.196986,0.089631	1.670203,0.421391,0.024765	1.715350,0.694248,-0.001325	12
1.594513,0.039418,0.264003	1.585800,0.036472,0.161394	0.000000,0.000000,0.000000	1.579672,0.033599,0.085313	1.562039,0.025333,-0.133626	1.509835,0.022188,-0.311013	1.584223,-0.125626,0.091534	1.559905,-0.363979,0.044711	1.498241,-0.634772,0.050958	1.599452,0.197113,0.089516	1.670253,0.421541,0.024592	1.714253,0.694597,-0.001375	12
1.594578,0.039424,0.264005	1.585798,0.036472,0.161395	0.000000,0.000000,0.000000	1.579682,0.033602,0.085312	1.562078,0.025341,-0.133653	1.509887,0.022205,-0.311048	1.584221,-0.125777,0.091446	1.559890,-0.364064,0.044695	1.497499,-0.634686,0.051130	1.599773,0.197227,0.089405	1.670274,0.421644,0.024409	1.712872,0.694934,-0.001433	12
1.594733,0.039428,0.264002	1.585797,0.036472,0.161395	0.000000,0.000000,0.000000	1.579689,0.033604,0.085312	1.562109,0.025349,-0.133675	1.509928,0.022216,-0.311075	1.584219,-0.125919,0.091370	1.559852,-0.364124,0.044684	1.496762,-0.634580,0.051310	1.600070,0.197329,0.089297	1.670266,0.421730,0.024242	1.711142,0.695293,-0.001477	12
1.594945,0.039428,0.263997	1.585795,0.036472,0.161395	0.000000,0.000000,0.000000	1.579695,0.033607,0.085311	1.562137,0.025359,-0.133694	1.509958,0.022240,-0.311098	1.584217,-0.126057,0.091320	1.559795,-0.364186,0.044673	1.495962,-0.634462,0.051489	1.600328,0.197434,0.089221	1.670234,0.421820,0.024097	1.709419,0.695646,-0.001469	12
1.595180,0.039427,0.263992	1.585793,0.036472,0.161396	0.000000,0.000000,0.000000	1.579702,0.033611,0.085311	1.562169,0.025374,-0.133712	1.509983,0.022287,-0.311117	1.584216,-0.126185,0.091279	1.559717,-0.364252,0.044660	1.495195,-0.634360,0.051691	1.600486,0.197541,0.089166	1.670187,0.421928,0.024035	1.708616,0.695872,-0.001439	12
1.595329,0.039425,0.263994	1.585791,0.036472,0.161396	0.000000,0.000000,0.000000	1.579710,0.033615,0.085310	1.562203,0.025390,-0.133731	1.509988,0.022345,-0.311130	1.584214,-0.126299,0.091243	1.559606,-0.364339,0.044642	1.494498,-0.634300,0.051906	1.600377,0.197658,0.089112	1.670120,0.422025,0.024029	1.708430,0.695991,-0.001399	12
1.595424,0.039423,0.264001	1.585789,0.036472,0.161397	0.000000,0.000000,0.000000	1.579719,0.033620,0.085309	1.562242,0.025409,-0.133752	1.509987,0.022415,-0.311141	1.584213,-0.126399,0.091205	1.559474,-0.364455,0.044617	1.494188,-0.634367,0.052112	1.600321,0.197760,0.089068	1.670079,0.422167,0.024039	1.708510,0.696121,-0.001337	12
1.595442,0.039421,0.264014	1.585787,0.036472,0.161397	0.000000,0.000000,0.000000	1.579728,0.033626,0.085309	1.562284,0.025429,-0.133775	1.509984,0.022490,-0.311152	1.584212,-0.126488,0.091170	1.559293,-0.364607,0.044601	1.494094,-0.634532,0.052362	1.600312,0.197849,0.089030	1.670042,0.422365,0.024066	1.708470,0.696323,-0.001261	12
1.595418,0.039420,0.264029	1.585784,0.036472,0.161398	0.000000,0.000000,0.000000	1.579738,0.033631,0.085308	1.562326,0.025448,-0.133798	1.509979,0.022564,-0.311164	1.584211,-0.126568,0.091137	1.559077,-0.364786,0.044569	1.494045,-0.634742,0.052645	1.600303,0.197929,0.088995	1.670011,0.422599,0.024091	1.708333,0.696577,-0.001175	12
1.595369,0.039419,0.264046	1.585782,0.036472,0.161398	0.000000,0.000000,0.000000	1.579747,0.033637,0.085307	1.562366,0.025471,-0.133821	1.509975,0.022643,-0.311176	1.584210,-0.126639,0.091108	1.558836,-0.364983,0.044530	1.494000,-0.634975,0.052954	1.600292,0.198001,0.088964	1.669984,0.422850,0.024104	1.708103,0.696865,-0.001063	12
1.595313,0.039418,0.264062	1.585780,0.036472,0.161398	0.000000,0.000000,0.000000	1.579758,0.033644,0.085307	1.562415,0.025496,-0.133844	1.509970,0.022724,-0.311184	1.584208,-0.126687,0.091043	1.558549,-0.365220,0.044488	1.493946,-0.635256,0.053302	1.600280,0.198066,0.088936	1.669913,0.423183,0.024152	1.707856,0.697228,-0.000956	12
1.595254,0.039418,0.264077	1.585777,0.036473,0.161399	0.000000,0.000000,0.000000	1.579766,0.033649,0.085306	1.562450,0.025515,-0.133866	1.509965,0.022778,-0.311195	1.584206,-0.126723,0.090969	1.558184,-0.365520,0.044430	1.493877,-0.635612,0.053680	1.600268,0.198123,0.088910	1.669814,0.423614,0.024224	1.707605,0.697682,-0.000869	12
1.595212,0.039416,0.264089	1.585775,0.036472,0.161399	0.000000,0.000000,0.000000	1.579771,0.033653,0.085306	1.562476,0.025530,-0.133885	1.509960,0.022816,-0.311206	1.584205,-0.126766,0.090927	1.557770,-0.365892,0.044355	1.493780,-0.636043,0.054040	1.600256,0.198175,0.088887	1.669706,0.424124,0.024291	1.707507,0.698181,-0.000907	12
1.595181,0.039412,0.264099	1.585773,0.036473,0.161400	0.000000,0.000000,0.000000	1.579776,0.033656,0.085306	1.562499,0.025542,-0.133907	1.509955,0.022846,-0.311219	1.584204,-0.126815,0.090914	1.557325,-0.366248,0.044283	1.493691,-0.636464,0.054510	1.600247,0.198222,0.088866	1.669685,0.424563,0.024265	1.707396,0.698635,-0.000902	12
1.595156,0.039408,0.264107	1.585770,0.036473,0.161401	0.000000,0.000000,0.000000	1.579779,0.033659,0.085306	1.562520,0.025553,-0.133929	1.509949,0.022872,-0.311235	1.584203,-0.126861,0.090907	1.556844,-0.366542,0.044222	1.493620,-0.636832,0.055036	1.600240,0.198264,0.088847	1.669665,0.424926,0.024198	1.707120,0.699043,-0.000862	12
1.595133,0.039404,0.264114	1.585768,0.036473,0.161402	0.000000,0.000000,0.000000	1.579783,0.033662,0.085306	1.562538,0.025563,-0.133954	1.509942,0.022886,-0.311252	1.584202,-0.126903,0.090903	1.556320,-0.366768,0.044181	1.493562,-0.637139,0.055653	1.600176,0.198305,0.088829	1.669609,0.425216,0.024127	1.706650,0.699399,-0.000814	12
1.595113,0.039401,0.264119	1.585765,0.036473,0.161402	0.000000,0.000000,0.000000	1.579784,0.033665,0.085307	1.562549,0.025575,-0.133978	1.509936,0.022895,-0.311271	1.584201,-0.126936,0.090891	1.555774,-0.366925,0.044152	1.493534,-0.637394,0.056131	1.600084,0.198344,0.088811	1.669438,0.425465,0.024054	1.705956,0.699730,-0.000756	12
1.595095,0.039399,0.264123	1.585762,0.036473,0.161403	0.000000,0.000000,0.000000	1.579785,0.033669,0.085307	1.562557,0.025589,-0.134003	1.509929,0.022902,-0.311292	1.584200,-0.126964,0.090878	1.555213,-0.367019,0.044134	1.493521,-0.637621,0.055945	1.599984,0.198379,0.088795	1.669175,0.425677,0.023986	1.705060,0.700037,-0.000691	12
