joint_position_head	joint_position_neck	joint_position_shoulder	joint_position_spine_top	joint_position_spine_mid	joint_position_spine_bottom	joint_position_left_shoulder	joint_position_left_elbow	joint_position_left_hand	joint_position_right_shoulder	joint_position_right_elbow	joint_position_right_hand	
XYZ order
1.630643,0.024768,0.365472	1.627389,0.026418,0.268464	0.000000,0.000000,0.000000	1.625321,0.025837,0.199017	1.619213,0.024121,-0.006139	1.575878,0.025258,-0.160981	1.629898,-0.106173,0.224936	1.598717,-0.192043,0.436742	1.529679,-0.014286,0.602547	1.628298,0.159722,0.227277	1.565474,0.260326,0.425113	1.522464,0.084316,0.601168	12
1.630575,0.024812,0.364556	1.627373,0.026429,0.267961	0.000000,0.000000,0.000000	1.625243,0.025840,0.198516	1.619039,0.024126,-0.003738	1.576385,0.025287,-0.158759	1.629549,-0.105942,0.225513	1.598739,-0.192319,0.437166	1.529458,-0.013610,0.601837	1.628163,0.159875,0.229042	1.564797,0.261341,0.426266	1.522711,0.083725,0.600982	12
1.630506,0.024844,0.364210	1.627357,0.026440,0.267643	0.000000,0.000000,0.000000	1.625171,0.025840,0.198200	1.618892,0.024117,-0.001274	1.576909,0.025311,-0.156469	1.629367,-0.105680,0.226109	1.598753,-0.192740,0.437510	1.529186,-0.012688,0.600583	1.628009,0.159706,0.229892	1.564315,0.261948,0.426610	1.522869,0.083963,0.601135	12
1.630421,0.024864,0.364276	1.627341,0.026447,0.267351	0.000000,0.000000,0.000000	1.625118,0.025836,0.197909	1.618806,0.024103,0.000802	1.577327,0.025340,-0.154513	1.629286,-0.105433,0.226631	1.598754,-0.193224,0.437742	1.528889,-0.011645,0.598983	1.627861,0.159325,0.229932	1.564132,0.262313,0.426249	1.522889,0.084590,0.601097	12
1.630342,0.024866,0.364438	1.627326,0.026452,0.266984	0.000000,0.000000,0.000000	1.625081,0.025835,0.197542	1.618769,0.024101,0.002345	1.577600,0.025374,-0.153028	1.629256,-0.105052,0.226470	1.598853,-0.193449,0.437348	1.528625,-0.011073,0.597539	1.627710,0.158875,0.229508	1.564099,0.262534,0.425510	1.522852,0.085357,0.600909	12
1.630268,0.024857,0.364567	1.627310,0.026456,0.266557	0.000000,0.000000,0.000000	1.625056,0.025838,0.197116	1.618765,0.024116,0.003424	1.577910,0.025415,-0.151997	1.629249,-0.104616,0.225900	1.598964,-0.193358,0.436651	1.528382,-0.010671,0.596336	1.627558,0.158415,0.228812	1.564153,0.262668,0.424567	1.522765,0.086185,0.600626	12
1.630196,0.024844,0.364628	1.627295,0.026460,0.266101	0.000000,0.000000,0.000000	1.625038,0.025844,0.196660	1.618777,0.024139,0.004140	1.578221,0.025459,-0.151305	1.629248,-0.104188,0.225167	1.599068,-0.193113,0.435855	1.527799,-0.009754,0.594461	1.627426,0.157992,0.228047	1.564406,0.262453,0.423815	1.522400,0.086724,0.600477	12
1.630127,0.024832,0.364630	1.627281,0.026464,0.265637	0.000000,0.000000,0.000000	1.625023,0.025852,0.196196	1.618794,0.024163,0.004587	1.578504,0.025503,-0.150858	1.629249,-0.103806,0.224439	1.599158,-0.192821,0.435102	1.526594,-0.008377,0.591841	1.627254,0.157624,0.227312	1.564743,0.262069,0.423250	1.521907,0.086881,0.600250	12
1.630097,0.024814,0.364644	1.627266,0.026467,0.265262	0.000000,0.000000,0.000000	1.625010,0.025857,0.195821	1.618809,0.024179,0.004928	1.578775,0.025546,-0.150508	1.629250,-0.103466,0.223805	1.599215,-0.192558,0.434443	1.524901,-0.006293,0.588159	1.627053,0.157296,0.226675	1.565123,0.261527,0.422911	1.521336,0.086681,0.600017	12
1.630093,0.024794,0.364789	1.627251,0.026469,0.265106	0.000000,0.000000,0.000000	1.624999,0.025861,0.195665	1.618827,0.024194,0.005342	1.579078,0.025599,-0.150095	1.629251,-0.103232,0.223637	1.599200,-0.192489,0.434203	1.523239,-0.004590,0.585106	1.626830,0.157072,0.226524	1.565430,0.260881,0.423148	1.520697,0.085779,0.599763	12
1.630103,0.024772,0.364971	1.627237,0.026469,0.265070	0.000000,0.000000,0.000000	1.624989,0.025864,0.195629	1.618843,0.024207,0.005763	1.579383,0.025659,-0.149682	1.629252,-0.103064,0.223730	1.599042,-0.192537,0.434181	1.522157,-0.003906,0.583724	1.626745,0.156911,0.226643	1.565668,0.260125,0.423681	1.520051,0.084411,0.599458	12
1.630118,0.024749,0.365121	1.627223,0.026470,0.265073	0.000000,0.000000,0.000000	1.624979,0.025865,0.195632	1.618857,0.024216,0.006134	1.579665,0.025703,-0.149320	1.629252,-0.102941,0.223956	1.598766,-0.192652,0.434266	1.521372,-0.004000,0.583530	1.626733,0.156790,0.226888	1.565875,0.259294,0.424364	1.519216,0.083392,0.599681	12
1.630133,0.024728,0.365224	1.627208,0.026470,0.265086	0.000000,0.000000,0.000000	1.624969,0.025866,0.195644	1.618869,0.024221,0.006445	1.579867,0.025737,-0.149007	1.629253,-0.102849,0.224258	1.598419,-0.192840,0.434398	1.520737,-0.004638,0.584078	1.626758,0.156701,0.227216	1.566119,0.258191,0.425282	1.518100,0.082430,0.600373	12
1.630148,0.024706,0.365282	1.627194,0.026470,0.265098	0.000000,0.000000,0.000000	1.624959,0.025867,0.195656	1.618877,0.024226,0.006699	1.580017,0.025766,-0.148747	1.629253,-0.102783,0.224613	1.598019,-0.193110,0.434549	1.520246,-0.005904,0.585416	1.626771,0.156625,0.227560	1.565978,0.257650,0.425817	1.517487,0.081826,0.600716	12
1.630161,0.024685,0.365298	1.627179,0.026470,0.265104	0.000000,0.000000,0.000000	1.624949,0.025867,0.195662	1.618885,0.024229,0.006903	1.580120,0.025784,-0.148534	1.629254,-0.102726,0.224961	1.597552,-0.193485,0.434640	1.519974,-0.007683,0.587320	1.626774,0.156550,0.227873	1.565468,0.257618,0.425951	1.517382,0.081395,0.600560	12
1.630173,0.024664,0.365282	1.627165,0.026470,0.265107	0.000000,0.000000,0.000000	1.624938,0.025867,0.195665	1.618890,0.024231,0.007066	1.580195,0.025797,-0.148362	1.629256,-0.102674,0.225299	1.597065,-0.193940,0.434683	1.519882,-0.009954,0.589734	1.626781,0.156485,0.228189	1.564752,0.257835,0.425895	1.517521,0.081020,0.600136	12
1.630183,0.024640,0.365241	1.627152,0.026470,0.265107	0.000000,0.000000,0.000000	1.624928,0.025867,0.195664	1.618895,0.024231,0.007196	1.580255,0.025803,-0.148226	1.629257,-0.102626,0.225629	1.596548,-0.194453,0.434688	1.519740,-0.012027,0.591762	1.626788,0.156426,0.228506	1.564029,0.257956,0.425890	1.517752,0.079892,0.599108	12
1.630193,0.024614,0.365185	1.627142,0.026470,0.265107	0.000000,0.000000,0.000000	1.624922,0.025867,0.195665	1.618899,0.024232,0.007304	1.580308,0.025806,-0.148115	1.629258,-0.102572,0.225920	1.596033,-0.195063,0.434604	1.519736,-0.014200,0.593729	1.626803,0.156368,0.228802	1.563329,0.258030,0.425890	1.518013,0.078202,0.597525	12
1.630210,0.024588,0.365116	1.627137,0.026469,0.265108	0.000000,0.000000,0.000000	1.624918,0.025867,0.195666	1.618902,0.024232,0.007393	1.580358,0.025808,-0.148026	1.629263,-0.102501,0.226134	1.595463,-0.195750,0.434388	1.519514,-0.015262,0.594116	1.626810,0.156310,0.229077	1.562668,0.258046,0.425911	1.518012,0.076739,0.596164	12
1.630230,0.024562,0.365034	1.627133,0.026469,0.265109	0.000000,0.000000,0.000000	1.624915,0.025867,0.195666	1.618905,0.024233,0.007467	1.580404,0.025811,-0.147954	1.629287,-0.102458,0.226411	1.594845,-0.196594,0.434160	1.518535,-0.016231,0.593859	1.626813,0.156221,0.229207	1.562063,0.257967,0.425837	1.517824,0.075466,0.594925	12
1.630252,0.024536,0.364942	1.627132,0.026469,0.265109	0.000000,0.000000,0.000000	1.624915,0.025866,0.195667	1.618907,0.024233,0.007529	1.580448,0.025814,-0.147895	1.629334,-0.102428,0.226695	1.594153,-0.197633,0.433832	1.517366,-0.017256,0.593284	1.626815,0.156120,0.229254	1.561519,0.257844,0.425715	1.517238,0.075369,0.594827	12
1.630272,0.024509,0.364852	1.627132,0.026468,0.265110	0.000000,0.000000,0.000000	1.624915,0.025865,0.195667	1.618909,0.024232,0.007581	1.580489,0.025815,-0.147848	1.629394,-0.102443,0.227095	1.593331,-0.198800,0.433545	1.517171,-0.018007,0.592824	1.626816,0.156019,0.229259	1.561258,0.257633,0.425690	1.516180,0.075616,0.595081	12
1.630294,0.024480,0.364768	1.627132,0.026466,0.265110	0.000000,0.000000,0.000000	1.624915,0.025863,0.195667	1.618912,0.024231,0.007625	1.580529,0.025816,-0.147810	1.629457,-0.102386,0.227211	1.592638,-0.199542,0.433155	1.517232,-0.018661,0.592690	1.626817,0.155926,0.229267	1.561107,0.257310,0.425765	1.514720,0.075551,0.595077	12
1.630317,0.024451,0.364694	1.627132,0.026464,0.265110	0.000000,0.000000,0.000000	1.624915,0.025861,0.195667	1.618914,0.024230,0.007664	1.580567,0.025817,-0.147778	1.629524,-0.102322,0.227277	1.591908,-0.200134,0.432768	1.517595,-0.018996,0.592522	1.626819,0.155843,0.229280	1.560987,0.256869,0.425921	1.513123,0.074697,0.594372	12
1.630348,0.024420,0.364630	1.627132,0.026461,0.265110	0.000000,0.000000,0.000000	1.624916,0.025858,0.195667	1.618917,0.024228,0.007698	1.580605,0.025817,-0.147752	1.629593,-0.102255,0.227308	1.591151,-0.200627,0.432379	1.518030,-0.019222,0.592377	1.626820,0.155767,0.229298	1.560862,0.256302,0.426148	1.511405,0.073595,0.593556	12
1.630387,0.024390,0.364575	1.627132,0.026458,0.265110	0.000000,0.000000,0.000000	1.624917,0.025856,0.195667	1.618920,0.024226,0.007728	1.580642,0.025817,-0.147731	1.629660,-0.102190,0.227323	1.590438,-0.201072,0.432001	1.518377,-0.019419,0.592201	1.626822,0.155698,0.229311	1.560712,0.255824,0.426319	1.509829,0.073094,0.593276	12
1.631377,0.024092,0.364495	1.627133,0.026455,0.265110	0.000000,0.000000,0.000000	1.624995,0.025853,0.195665	1.619209,0.024224,0.007741	1.580762,0.025829,-0.147684	1.630397,-0.102102,0.227399	1.589625,-0.201556,0.431492	1.518657,-0.019727,0.591981	1.627166,0.155583,0.229252	1.560562,0.255609,0.426144	1.508467,0.073268,0.593156	12
1.633055,0.023607,0.364386	1.627133,0.026452,0.265110	0.000000,0.000000,0.000000	1.625126,0.025851,0.195661	1.619696,0.024223,0.007741	1.580930,0.025852,-0.147624	1.631477,-0.101974,0.227533	1.588729,-0.202024,0.430926	1.518765,-0.020114,0.591764	1.627650,0.155417,0.229156	1.560492,0.255482,0.425840	1.507091,0.073787,0.593142	12
1.634914,0.023003,0.364265	1.627133,0.026449,0.265110	0.000000,0.000000,0.000000	1.625279,0.025848,0.195657	1.620264,0.024222,0.007730	1.581130,0.025882,-0.147574	1.632790,-0.103523,0.227222	1.587768,-0.202258,0.430762	1.518534,-0.020193,0.591742	1.628198,0.156929,0.228570	1.560346,0.255084,0.425968	1.505608,0.073884,0.593377	12
1.636411,0.022365,0.364172	1.627133,0.026446,0.265110	0.000000,0.000000,0.000000	1.625447,0.025846,0.195653	1.620885,0.024221,0.007711	1.581345,0.025914,-0.147532	1.634279,-0.105808,0.226722	1.586547,-0.202071,0.430816	1.518070,-0.019993,0.592105	1.628782,0.159190,0.227781	1.560155,0.254554,0.426267	1.504061,0.073794,0.593702	12
