joint_position_head	joint_position_neck	joint_position_shoulder	joint_position_spine_top	joint_position_spine_mid	joint_position_spine_bottom	joint_position_left_shoulder	joint_position_left_elbow	joint_position_left_hand	joint_position_right_shoulder	joint_position_right_elbow	joint_position_right_hand	
XYZ order
1.621218,0.024900,0.265876	1.604560,0.028692,0.160607	0.000000,0.000000,0.000000	1.604569,0.026169,0.090116	1.604595,0.018984,-0.110578	1.561932,0.015960,-0.272225	1.614500,-0.114360,0.085550	1.660420,-0.341806,0.117119	1.596987,-0.338553,0.366914	1.609626,0.170102,0.082032	1.574342,0.394161,0.140252	1.541125,0.379297,0.395414	12
1.621176,0.024887,0.265428	1.604603,0.028695,0.159978	0.000000,0.000000,0.000000	1.604616,0.026152,0.089487	1.604654,0.018912,-0.111142	1.562120,0.015761,-0.272718	1.614523,-0.114557,0.085123	1.660595,-0.341921,0.117060	1.596773,-0.338504,0.366533	1.609701,0.170214,0.081433	1.574344,0.394342,0.139342	1.541134,0.379252,0.394275	12
1.621141,0.024872,0.265002	1.604640,0.028696,0.159356	0.000000,0.000000,0.000000	1.604656,0.026133,0.088866	1.604701,0.018841,-0.111714	1.562241,0.015565,-0.273231	1.614543,-0.114736,0.084695	1.660778,-0.342019,0.116976	1.596487,-0.338459,0.366127	1.609780,0.170321,0.080863	1.574365,0.394395,0.138943	1.541010,0.379200,0.393656	12
1.621117,0.024854,0.264688	1.604673,0.028696,0.158862	0.000000,0.000000,0.000000	1.604690,0.026116,0.088372	1.604738,0.018776,-0.112177	1.562296,0.015385,-0.273637	1.614557,-0.114838,0.084305	1.660919,-0.342055,0.116862	1.596173,-0.338437,0.365725	1.609871,0.170530,0.080667	1.574359,0.394583,0.138771	1.540952,0.379178,0.393300	12
1.621078,0.024839,0.264421	1.604693,0.028696,0.158406	0.000000,0.000000,0.000000	1.604716,0.026093,0.087918	1.604782,0.018687,-0.112615	1.562307,0.015034,-0.274018	1.614544,-0.114904,0.083937	1.661087,-0.342052,0.116723	1.596035,-0.338432,0.365369	1.609911,0.170724,0.080533	1.574362,0.394754,0.138705	1.540928,0.379192,0.393087	12
1.621044,0.024824,0.264303	1.604703,0.028695,0.158106	0.000000,0.000000,0.000000	1.604736,0.026068,0.087618	1.604829,0.018592,-0.112913	1.562316,0.014709,-0.274261	1.614526,-0.114989,0.083798	1.661227,-0.342099,0.116618	1.596017,-0.338409,0.365114	1.609921,0.170858,0.080479	1.574375,0.394886,0.138658	1.540918,0.379237,0.392925	12
1.621014,0.024804,0.264279	1.604708,0.028695,0.157916	0.000000,0.000000,0.000000	1.604748,0.026040,0.087430	1.604864,0.018488,-0.113112	1.562316,0.014301,-0.274407	1.614529,-0.115044,0.083740	1.661478,-0.342103,0.116561	1.595972,-0.338409,0.364893	1.609917,0.170940,0.080464	1.574397,0.394985,0.138595	1.540913,0.379301,0.392773	12
1.620983,0.024793,0.264276	1.604710,0.028695,0.157762	0.000000,0.000000,0.000000	1.604757,0.026011,0.087276	1.604890,0.018375,-0.113285	1.562303,0.013858,-0.274526	1.614525,-0.115088,0.083711	1.661776,-0.342085,0.116528	1.595906,-0.338420,0.364697	1.609906,0.170995,0.080452	1.574413,0.395076,0.138461	1.540926,0.379340,0.392569	12
1.620954,0.024789,0.264315	1.604710,0.028694,0.157671	0.000000,0.000000,0.000000	1.604763,0.025981,0.087187	1.604913,0.018260,-0.113399	1.562294,0.013416,-0.274591	1.614516,-0.115109,0.083707	1.661907,-0.342081,0.116495	1.595898,-0.338424,0.364574	1.609888,0.171018,0.080447	1.574430,0.395152,0.138272	1.540910,0.379362,0.392321	12
1.620924,0.024790,0.264367	1.604709,0.028695,0.157612	0.000000,0.000000,0.000000	1.604766,0.025953,0.087129	1.604928,0.018150,-0.113481	1.562283,0.013116,-0.274632	1.614513,-0.115116,0.083711	1.661936,-0.342087,0.116461	1.595917,-0.338423,0.364496	1.609869,0.171024,0.080444	1.574436,0.395216,0.138057	1.540880,0.379373,0.392057	12
1.620899,0.024791,0.264476	1.604708,0.028695,0.157642	0.000000,0.000000,0.000000	1.604768,0.025924,0.087161	1.604938,0.018039,-0.113472	1.562290,0.012945,-0.274596	1.614510,-0.115090,0.083732	1.661920,-0.342072,0.116423	1.595944,-0.338430,0.364436	1.609858,0.170995,0.080462	1.574432,0.395260,0.137797	1.540831,0.379387,0.391756	12
1.620876,0.024794,0.264601	1.604707,0.028695,0.157721	0.000000,0.000000,0.000000	1.604770,0.025896,0.087241	1.604947,0.017930,-0.113412	1.562309,0.012861,-0.274517	1.614509,-0.115049,0.083760	1.661855,-0.342050,0.116404	1.595973,-0.338439,0.364415	1.609853,0.170952,0.080488	1.574483,0.395325,0.137430	1.540686,0.379428,0.391336	12
1.620851,0.024799,0.264717	1.604707,0.028695,0.157822	0.000000,0.000000,0.000000	1.604772,0.025871,0.087343	1.604956,0.017830,-0.113327	1.562333,0.012829,-0.274421	1.614508,-0.115003,0.083788	1.661772,-0.342027,0.116397	1.595999,-0.338448,0.364416	1.609850,0.170905,0.080516	1.574503,0.395384,0.137053	1.540393,0.379496,0.390896	12
1.620820,0.024805,0.264804	1.604707,0.028695,0.157915	0.000000,0.000000,0.000000	1.604774,0.025855,0.087436	1.604965,0.017768,-0.113248	1.562356,0.012823,-0.274333	1.614506,-0.114965,0.083810	1.661697,-0.342012,0.116367	1.596027,-0.338454,0.364397	1.609848,0.170864,0.080537	1.574499,0.395465,0.136588	1.539850,0.379472,0.390334	12
1.620783,0.024811,0.264882	1.604707,0.028695,0.158017	0.000000,0.000000,0.000000	1.604776,0.025844,0.087539	1.604974,0.017725,-0.113158	1.562381,0.012825,-0.274236	1.614504,-0.114928,0.083832	1.661615,-0.341996,0.116351	1.596055,-0.338457,0.364397	1.609847,0.170823,0.080555	1.574480,0.395564,0.136034	1.539103,0.379431,0.389657	12
1.620744,0.024817,0.264967	1.604707,0.028695,0.158148	0.000000,0.000000,0.000000	1.604778,0.025839,0.087669	1.604983,0.017703,-0.113038	1.562414,0.012834,-0.274113	1.614501,-0.114885,0.083858	1.661511,-0.341978,0.116352	1.596077,-0.338463,0.364420	1.609845,0.170777,0.080580	1.574455,0.395669,0.135428	1.538146,0.379460,0.388904	12
1.620702,0.024823,0.265054	1.604707,0.028696,0.158301	0.000000,0.000000,0.000000	1.604780,0.025837,0.087823	1.604989,0.017696,-0.112893	1.562451,0.012844,-0.273969	1.614498,-0.114839,0.083887	1.661406,-0.341956,0.116361	1.596081,-0.338472,0.364450	1.609844,0.170728,0.080609	1.574427,0.395768,0.134827	1.537665,0.379883,0.388251	12
1.620656,0.024829,0.265128	1.604707,0.028696,0.158460	0.000000,0.000000,0.000000	1.604780,0.025838,0.087982	1.604989,0.017698,-0.112741	1.562489,0.012854,-0.273820	1.614495,-0.114796,0.083914	1.661283,-0.341939,0.116375	1.596074,-0.338478,0.364488	1.609842,0.170682,0.080636	1.574383,0.395884,0.134150	1.537420,0.380540,0.387571	12
1.620606,0.024835,0.265197	1.604707,0.028696,0.158631	0.000000,0.000000,0.000000	1.604780,0.025840,0.088153	1.604988,0.017705,-0.112576	1.562529,0.012864,-0.273660	1.614492,-0.114754,0.083942	1.661167,-0.341920,0.116404	1.596051,-0.338484,0.364535	1.609840,0.170637,0.080664	1.574329,0.396010,0.133417	1.537334,0.381334,0.386868	12
1.620546,0.024843,0.265218	1.604707,0.028697,0.158758	0.000000,0.000000,0.000000	1.604779,0.025842,0.088279	1.604986,0.017710,-0.112454	1.562558,0.012871,-0.273541	1.614490,-0.114732,0.083958	1.661055,-0.341922,0.116419	1.596037,-0.338482,0.364572	1.609839,0.170613,0.080681	1.574259,0.396162,0.132629	1.537311,0.382170,0.386120	12
1.620463,0.024851,0.265213	1.604707,0.028697,0.158854	0.000000,0.000000,0.000000	1.604779,0.025843,0.088375	1.604985,0.017715,-0.112362	1.562580,0.012877,-0.273449	1.614490,-0.114724,0.083967	1.660884,-0.341947,0.116438	1.596032,-0.338471,0.364630	1.609839,0.170603,0.080688	1.574191,0.396316,0.131870	1.537291,0.383136,0.385408	12
1.620344,0.024860,0.265205	1.604707,0.028697,0.158939	0.000000,0.000000,0.000000	1.604779,0.025845,0.088460	1.604985,0.017719,-0.112280	1.562600,0.012883,-0.273368	1.614490,-0.114722,0.083974	1.660663,-0.341988,0.116458	1.596036,-0.338452,0.364705	1.609839,0.170598,0.080693	1.574127,0.396455,0.131196	1.537260,0.384221,0.384783	12
1.620207,0.024869,0.265201	1.604707,0.028698,0.159024	0.000000,0.000000,0.000000	1.604779,0.025846,0.088546	1.604985,0.017723,-0.112197	1.562620,0.012888,-0.273286	1.614490,-0.114720,0.083981	1.660439,-0.342030,0.116476	1.596041,-0.338431,0.364780	1.609838,0.170594,0.080699	1.574056,0.396626,0.130363	1.537226,0.385293,0.383996	12
1.620061,0.024878,0.265179	1.604707,0.028698,0.159085	0.000000,0.000000,0.000000	1.604779,0.025847,0.088607	1.604985,0.017726,-0.112138	1.562634,0.012894,-0.273227	1.614490,-0.114728,0.083982	1.660219,-0.342078,0.116504	1.596025,-0.338408,0.364857	1.609838,0.170600,0.080698	1.573973,0.396834,0.129371	1.537170,0.386341,0.383043	12
1.619907,0.024888,0.265150	1.604707,0.028699,0.159131	0.000000,0.000000,0.000000	1.604779,0.025848,0.088652	1.604985,0.017727,-0.112094	1.562645,0.012899,-0.273183	1.614491,-0.114740,0.083981	1.659977,-0.342134,0.116539	1.595986,-0.338384,0.364942	1.609838,0.170611,0.080694	1.573883,0.396988,0.128633	1.537037,0.387354,0.382331	12
1.619736,0.024898,0.265113	1.604707,0.028700,0.159157	0.000000,0.000000,0.000000	1.604779,0.025849,0.088678	1.604985,0.017728,-0.112070	1.562652,0.012904,-0.273158	1.614492,-0.114758,0.083975	1.659745,-0.342195,0.116560	1.595934,-0.338358,0.365007	1.609839,0.170629,0.080685	1.573782,0.397171,0.127757	1.536758,0.387799,0.381439	12
1.618648,0.025013,0.265116	1.604633,0.028872,0.159151	0.000000,0.000000,0.000000	1.604722,0.025986,0.088674	1.604975,0.017766,-0.112073	1.562630,0.012972,-0.273154	1.614281,-0.114642,0.083980	1.659486,-0.342091,0.116548	1.595894,-0.338399,0.365052	1.609707,0.170829,0.080650	1.573649,0.397541,0.126894	1.536383,0.387631,0.380518	12
1.616696,0.025200,0.265123	1.604513,0.029159,0.159128	0.000000,0.000000,0.000000	1.604629,0.026213,0.088654	1.604958,0.017822,-0.112093	1.562592,0.013066,-0.273162	1.613962,-0.114438,0.084001	1.659214,-0.341886,0.116506	1.595850,-0.338479,0.365072	1.609510,0.171146,0.080590	1.573497,0.397910,0.126617	1.535912,0.387183,0.380159	12
1.614166,0.025417,0.265083	1.604368,0.029490,0.159096	0.000000,0.000000,0.000000	1.604516,0.026471,0.088624	1.604938,0.017870,-0.112122	1.562546,0.013168,-0.273175	1.613608,-0.114205,0.084039	1.658911,-0.341655,0.116463	1.595765,-0.338570,0.365088	1.609282,0.171501,0.080508	1.573329,0.398266,0.126581	1.535604,0.386500,0.380055	12
1.611551,0.025634,0.264956	1.604212,0.029829,0.159060	0.000000,0.000000,0.000000	1.604395,0.026732,0.088592	1.604916,0.017911,-0.112152	1.562496,0.013310,-0.273191	1.613244,-0.113965,0.084075	1.658600,-0.341415,0.116421	1.595641,-0.338664,0.365096	1.609061,0.171857,0.080412	1.573138,0.398595,0.126640	1.535314,0.385674,0.380042	12
