joint_position_head	joint_position_neck	joint_position_shoulder	joint_position_spine_top	joint_position_spine_mid	joint_position_spine_bottom	joint_position_left_shoulder	joint_position_left_elbow	joint_position_left_hand	joint_position_right_shoulder	joint_position_right_elbow	joint_position_right_hand	
XYZ order
1.626404,0.039650,0.350927	1.629589,0.039852,0.251573	0.000000,0.000000,0.000000	1.633040,0.039374,0.183509	1.642498,0.038065,-0.003011	1.613605,0.035347,-0.165286	1.634804,-0.087800,0.189061	1.657655,-0.312900,0.190584	1.634883,-0.551343,0.262894	1.642541,0.168522,0.192369	1.722086,0.380305,0.196148	1.715824,0.627708,0.232999	12
1.627495,0.039676,0.349325	1.629589,0.039852,0.249936	0.000000,0.000000,0.000000	1.633267,0.039452,0.181883	1.643362,0.038357,-0.004920	1.614380,0.035499,-0.167325	1.635373,-0.087653,0.187597	1.658097,-0.312746,0.190732	1.635032,-0.551086,0.262169	1.642932,0.168727,0.191722	1.722317,0.380564,0.196210	1.715658,0.627656,0.232892	12
1.628491,0.039599,0.348519	1.629589,0.039852,0.249111	0.000000,0.000000,0.000000	1.633431,0.039534,0.181066	1.643990,0.038661,-0.005977	1.614907,0.035657,-0.168356	1.635522,-0.087629,0.187136	1.658682,-0.312667,0.191129	1.635136,-0.550862,0.261897	1.643269,0.168792,0.191542	1.722221,0.380786,0.196284	1.715635,0.627590,0.232976	12
1.629427,0.039513,0.348175	1.629589,0.039852,0.248760	0.000000,0.000000,0.000000	1.633454,0.039613,0.180716	1.644091,0.038957,-0.006533	1.615154,0.035820,-0.168834	1.635439,-0.087586,0.187051	1.659365,-0.312530,0.191777	1.635229,-0.550671,0.261785	1.643346,0.168775,0.191560	1.722112,0.380837,0.196350	1.715651,0.627417,0.233137	12
1.629776,0.039433,0.348068	1.629589,0.039852,0.248652	0.000000,0.000000,0.000000	1.633405,0.039648,0.180605	1.643913,0.039086,-0.006812	1.615237,0.035987,-0.169008	1.635264,-0.087547,0.187167	1.660168,-0.312372,0.192482	1.635243,-0.550474,0.261743	1.643263,0.168715,0.191639	1.721891,0.380827,0.196406	1.715674,0.627215,0.233373	12
1.629781,0.039355,0.348064	1.629589,0.039852,0.248649	0.000000,0.000000,0.000000	1.633311,0.039654,0.180597	1.643567,0.039107,-0.006959	1.615237,0.036104,-0.169046	1.635063,-0.087512,0.187344	1.660998,-0.312209,0.193187	1.635275,-0.550283,0.261669	1.643120,0.168639,0.191721	1.721657,0.380785,0.196455	1.715676,0.626980,0.233648	12
1.629627,0.039301,0.348093	1.629589,0.039852,0.248679	0.000000,0.000000,0.000000	1.633201,0.039653,0.180621	1.643162,0.039106,-0.007049	1.615205,0.036197,-0.169024	1.634837,-0.087458,0.187487	1.661904,-0.312004,0.193951	1.634939,-0.549983,0.261702	1.642896,0.168564,0.191793	1.721382,0.380729,0.196498	1.715664,0.626732,0.233938	12
1.629137,0.039289,0.347107	1.629589,0.039852,0.248711	0.000000,0.000000,0.000000	1.633099,0.039653,0.180647	1.642782,0.039106,-0.007098	1.614925,0.036293,-0.168894	1.634705,-0.087481,0.187806	1.662915,-0.311872,0.194762	1.634561,-0.549730,0.261849	1.642545,0.168555,0.191993	1.721157,0.380675,0.196540	1.715634,0.626492,0.234291	12
1.628534,0.039296,0.345963	1.629589,0.039852,0.248735	0.000000,0.000000,0.000000	1.633001,0.039653,0.180666	1.642414,0.039103,-0.007111	1.614475,0.036358,-0.168675	1.634632,-0.087531,0.188195	1.663885,-0.311779,0.195490	1.634270,-0.549379,0.262135	1.642142,0.168565,0.192235	1.720895,0.380638,0.196579	1.715598,0.626176,0.234731	12
1.627937,0.039308,0.345112	1.629589,0.039852,0.248749	0.000000,0.000000,0.000000	1.632914,0.039651,0.180677	1.642084,0.039098,-0.007067	1.613930,0.036391,-0.168342	1.634620,-0.087588,0.188612	1.664336,-0.311780,0.195780	1.634482,-0.548975,0.262248	1.642116,0.168582,0.192585	1.720742,0.380708,0.196612	1.715522,0.625777,0.235132	12
1.627313,0.039315,0.344564	1.629589,0.039852,0.248758	0.000000,0.000000,0.000000	1.632832,0.039650,0.180681	1.641770,0.039094,-0.006990	1.613410,0.036413,-0.167958	1.634618,-0.087550,0.188813	1.664576,-0.311718,0.195739	1.634576,-0.548569,0.262298	1.642270,0.168602,0.192968	1.720623,0.380836,0.196637	1.715505,0.625602,0.235249	12
1.626891,0.039317,0.344233	1.629589,0.039852,0.248761	0.000000,0.000000,0.000000	1.632774,0.039650,0.180681	1.641546,0.039093,-0.006879	1.612936,0.036432,-0.167528	1.634620,-0.087464,0.188882	1.664704,-0.311623,0.195550	1.634559,-0.548332,0.262363	1.642512,0.168515,0.193093	1.720973,0.380713,0.196505	1.715362,0.625398,0.235250	12
1.626682,0.039315,0.344035	1.629589,0.039852,0.248763	0.000000,0.000000,0.000000	1.632742,0.039649,0.180682	1.641424,0.039092,-0.006755	1.612541,0.036456,-0.167099	1.634621,-0.087359,0.188877	1.664796,-0.311513,0.195262	1.634466,-0.548086,0.262425	1.642767,0.168422,0.193174	1.721338,0.380586,0.196239	1.715226,0.625209,0.235215	12
1.626603,0.039312,0.343911	1.629589,0.039852,0.248764	0.000000,0.000000,0.000000	1.632733,0.039650,0.180682	1.641381,0.039093,-0.006637	1.612195,0.036485,-0.166706	1.634621,-0.087255,0.188845	1.664905,-0.311402,0.194959	1.634318,-0.547769,0.262364	1.643036,0.168331,0.193230	1.721643,0.380486,0.195934	1.715110,0.624958,0.235161	12
1.626591,0.039307,0.343827	1.629589,0.039852,0.248765	0.000000,0.000000,0.000000	1.632732,0.039650,0.180683	1.641373,0.039094,-0.006534	1.611927,0.036506,-0.166377	1.634619,-0.087159,0.188804	1.665056,-0.311294,0.194595	1.634118,-0.547343,0.262135	1.643290,0.168247,0.193273	1.721943,0.380390,0.195534	1.714998,0.624577,0.235063	12
1.626603,0.039302,0.343765	1.629589,0.039852,0.248766	0.000000,0.000000,0.000000	1.632734,0.039650,0.180685	1.641378,0.039095,-0.006450	1.611810,0.036520,-0.166127	1.634617,-0.087072,0.188754	1.665199,-0.311195,0.194177	1.633854,-0.546821,0.261779	1.643516,0.168152,0.193254	1.722238,0.380271,0.195339	1.714916,0.624095,0.234937	12
1.626621,0.039297,0.343715	1.629589,0.039852,0.248768	0.000000,0.000000,0.000000	1.632736,0.039650,0.180686	1.641385,0.039095,-0.006382	1.611798,0.036529,-0.165941	1.634615,-0.087010,0.188742	1.665491,-0.311103,0.193757	1.633326,-0.546095,0.261522	1.643855,0.168061,0.193259	1.722262,0.380297,0.195264	1.714928,0.623670,0.234817	12
1.626636,0.039291,0.343674	1.629589,0.039852,0.248770	0.000000,0.000000,0.000000	1.632738,0.039650,0.180688	1.641390,0.039096,-0.006329	1.611838,0.036534,-0.165801	1.634613,-0.086964,0.188751	1.665536,-0.311060,0.193347	1.632853,-0.545329,0.261356	1.644227,0.167984,0.193292	1.721843,0.380510,0.195253	1.715091,0.623351,0.234725	12
1.626647,0.039284,0.343640	1.629589,0.039852,0.248772	0.000000,0.000000,0.000000	1.632740,0.039650,0.180690	1.641394,0.039096,-0.006287	1.611895,0.036537,-0.165694	1.634611,-0.086926,0.188764	1.665492,-0.311031,0.193167	1.632244,-0.544562,0.261358	1.644584,0.167918,0.193338	1.721285,0.380777,0.195275	1.715320,0.623071,0.234640	12
1.626655,0.039277,0.343611	1.629589,0.039852,0.248773	0.000000,0.000000,0.000000	1.632741,0.039650,0.180692	1.641396,0.039096,-0.006255	1.611941,0.036538,-0.165609	1.634610,-0.086892,0.188777	1.665416,-0.311009,0.193087	1.631687,-0.543881,0.261335	1.644687,0.167874,0.193355	1.720780,0.380951,0.195337	1.715592,0.622733,0.234566	12
1.626661,0.039271,0.343587	1.629589,0.039852,0.248775	0.000000,0.000000,0.000000	1.632741,0.039650,0.180694	1.641396,0.039096,-0.006229	1.611971,0.036539,-0.165540	1.634609,-0.086861,0.188787	1.665366,-0.310986,0.193050	1.631246,-0.543434,0.261087	1.644713,0.167837,0.193357	1.720224,0.381120,0.195473	1.715923,0.622519,0.234617	12
1.626665,0.039269,0.343568	1.629589,0.039852,0.248777	0.000000,0.000000,0.000000	1.632742,0.039650,0.180696	1.641396,0.039096,-0.006209	1.611990,0.036540,-0.165487	1.634607,-0.086832,0.188792	1.665475,-0.310941,0.193050	1.630849,-0.543040,0.260668	1.644703,0.167803,0.193350	1.719477,0.381344,0.195673	1.716322,0.622384,0.234784	12
1.626670,0.039270,0.343552	1.629589,0.039852,0.248779	0.000000,0.000000,0.000000	1.632742,0.039650,0.180698	1.641395,0.039096,-0.006193	1.612000,0.036540,-0.165444	1.634606,-0.086805,0.188795	1.665514,-0.310909,0.193067	1.630388,-0.542668,0.260412	1.644679,0.167773,0.193339	1.719135,0.381420,0.196120	1.716613,0.622174,0.235002	12
1.626673,0.039275,0.343539	1.629589,0.039852,0.248781	0.000000,0.000000,0.000000	1.632741,0.039650,0.180700	1.641394,0.039096,-0.006180	1.612005,0.036541,-0.165410	1.634605,-0.086780,0.188796	1.665540,-0.310880,0.193090	1.629802,-0.542474,0.260279	1.644652,0.167746,0.193325	1.719050,0.381404,0.196701	1.716852,0.622105,0.235239	12
1.626676,0.039280,0.343529	1.629589,0.039852,0.248783	0.000000,0.000000,0.000000	1.632741,0.039650,0.180702	1.641393,0.039096,-0.006169	1.612008,0.036541,-0.165383	1.634604,-0.086758,0.188796	1.665540,-0.310858,0.193111	1.629578,-0.542568,0.260248	1.644628,0.167719,0.193307	1.719443,0.381220,0.197321	1.716958,0.622081,0.235662	12
1.626678,0.039283,0.343520	1.629589,0.039852,0.248785	0.000000,0.000000,0.000000	1.632741,0.039650,0.180704	1.641392,0.039096,-0.006161	1.612009,0.036542,-0.165362	1.634603,-0.086737,0.188790	1.665531,-0.310837,0.193130	1.629495,-0.542776,0.260250	1.644608,0.167693,0.193284	1.719999,0.380976,0.197997	1.716908,0.622070,0.236253	12
1.626680,0.039286,0.343513	1.629589,0.039852,0.248787	0.000000,0.000000,0.000000	1.632741,0.039650,0.180706	1.641392,0.039096,-0.006153	1.612011,0.036542,-0.165344	1.634602,-0.086716,0.188781	1.665522,-0.310817,0.193150	1.629458,-0.543008,0.260283	1.644590,0.167669,0.193262	1.720505,0.380751,0.198628	1.716611,0.622083,0.236881	12
1.626683,0.039288,0.343507	1.629589,0.039852,0.248789	0.000000,0.000000,0.000000	1.632741,0.039650,0.180708	1.641391,0.039096,-0.006147	1.612012,0.036542,-0.165330	1.634601,-0.086697,0.188769	1.665517,-0.310798,0.193170	1.629451,-0.543147,0.260299	1.644573,0.167646,0.193235	1.720695,0.380639,0.199195	1.716202,0.622162,0.237133	12
1.626684,0.039291,0.343503	1.629589,0.039852,0.248793	0.000000,0.000000,0.000000	1.632741,0.039650,0.180712	1.641391,0.039096,-0.006140	1.612012,0.036542,-0.165316	1.634601,-0.086680,0.188758	1.665515,-0.310780,0.193188	1.629449,-0.543190,0.260298	1.644558,0.167625,0.193209	1.720838,0.380556,0.199374	1.715693,0.622131,0.237241	12
1.626685,0.039294,0.343502	1.629589,0.039852,0.248798	0.000000,0.000000,0.000000	1.632741,0.039650,0.180716	1.641390,0.039097,-0.006131	1.612014,0.036542,-0.165303	1.634600,-0.086661,0.188739	1.665516,-0.310760,0.193193	1.629437,-0.543262,0.260303	1.644544,0.167605,0.193184	1.720965,0.380487,0.199343	1.715198,0.622149,0.237141	12
