joint_position_head	joint_position_neck	joint_position_shoulder	joint_position_spine_top	joint_position_spine_mid	joint_position_spine_bottom	joint_position_left_shoulder	joint_position_left_elbow	joint_position_left_hand	joint_position_right_shoulder	joint_position_right_elbow	joint_position_right_hand	
XYZ order
1.656592,0.014584,0.226351	1.658093,0.016939,0.125902	0.000000,0.000000,0.000000	1.651972,0.016509,0.057285	1.635098,0.015325,-0.131851	1.599029,0.011156,-0.291285	1.652472,-0.113678,0.062387	1.643128,-0.340955,0.086172	1.598454,-0.571471,0.163889	1.660567,0.148887,0.064992	1.706905,0.370075,0.100151	1.684839,0.610200,0.155164	12
1.656128,0.014583,0.226401	1.658031,0.016938,0.125958	0.000000,0.000000,0.000000	1.651927,0.016507,0.057340	1.635100,0.015320,-0.131815	1.599040,0.011099,-0.291237	1.652459,-0.113681,0.062388	1.643193,-0.340916,0.086598	1.598224,-0.572074,0.164319	1.660563,0.148898,0.065019	1.706607,0.370140,0.100232	1.684882,0.610953,0.155313	12
1.655677,0.014582,0.226446	1.657960,0.016937,0.126011	0.000000,0.000000,0.000000	1.651876,0.016506,0.057391	1.635102,0.015315,-0.131783	1.599050,0.011057,-0.291193	1.652444,-0.113685,0.062388	1.643266,-0.340879,0.087015	1.598057,-0.572542,0.164740	1.660556,0.148910,0.065043	1.706302,0.370214,0.100250	1.684940,0.611561,0.155461	12
1.655257,0.014581,0.226485	1.657886,0.016937,0.126058	0.000000,0.000000,0.000000	1.651822,0.016504,0.057436	1.635103,0.015309,-0.131756	1.599059,0.011031,-0.291155	1.652430,-0.113691,0.062387	1.643336,-0.340844,0.087421	1.597916,-0.572896,0.165174	1.660547,0.148927,0.065076	1.706266,0.370247,0.100219	1.684891,0.611977,0.155596	12
1.654815,0.014580,0.226528	1.657809,0.016936,0.126111	0.000000,0.000000,0.000000	1.651766,0.016502,0.057488	1.635104,0.015304,-0.131724	1.599068,0.011015,-0.291112	1.652416,-0.113694,0.062388	1.643406,-0.340809,0.087793	1.597801,-0.573166,0.165575	1.660536,0.148933,0.065091	1.706355,0.370244,0.100163	1.684788,0.612253,0.155715	12
1.654394,0.014580,0.226538	1.657732,0.016935,0.126132	0.000000,0.000000,0.000000	1.651709,0.016500,0.057507	1.635103,0.015299,-0.131723	1.599071,0.011006,-0.291100	1.652400,-0.113709,0.062382	1.643480,-0.340789,0.088126	1.597712,-0.573371,0.165975	1.660523,0.148945,0.065091	1.706504,0.370231,0.100101	1.684659,0.612447,0.155819	12
1.654151,0.014580,0.226543	1.657653,0.016934,0.126142	0.000000,0.000000,0.000000	1.651651,0.016497,0.057515	1.635100,0.015293,-0.131732	1.599072,0.011002,-0.291097	1.652383,-0.113725,0.062374	1.643569,-0.340752,0.088624	1.597627,-0.573575,0.166323	1.660508,0.148956,0.065084	1.706580,0.370226,0.100081	1.684558,0.612616,0.155909	12
1.654047,0.014580,0.226552	1.657575,0.016933,0.126152	0.000000,0.000000,0.000000	1.651593,0.016495,0.057523	1.635097,0.015287,-0.131739	1.599072,0.011001,-0.291096	1.652366,-0.113741,0.062368	1.643674,-0.340707,0.089172	1.597552,-0.573717,0.166743	1.660493,0.148967,0.065079	1.706588,0.370230,0.100085	1.684414,0.612761,0.155991	12
1.654020,0.014580,0.226560	1.657495,0.016932,0.126158	0.000000,0.000000,0.000000	1.651534,0.016493,0.057527	1.635094,0.015282,-0.131748	1.599071,0.011002,-0.291097	1.652349,-0.113756,0.062361	1.643788,-0.340654,0.089774	1.597514,-0.573810,0.167248	1.660477,0.148977,0.065074	1.706554,0.370241,0.100100	1.684207,0.612881,0.156062	12
1.654021,0.014580,0.226566	1.657415,0.016932,0.126162	0.000000,0.000000,0.000000	1.651475,0.016491,0.057529	1.635090,0.015276,-0.131757	1.599070,0.011003,-0.291101	1.652333,-0.113770,0.062355	1.643915,-0.340600,0.090372	1.597512,-0.573822,0.167919	1.660459,0.148987,0.065070	1.706483,0.370258,0.100127	1.683982,0.612991,0.156105	12
1.654031,0.014580,0.226571	1.657336,0.016931,0.126163	0.000000,0.000000,0.000000	1.651415,0.016489,0.057529	1.635087,0.015271,-0.131766	1.599069,0.011004,-0.291106	1.652316,-0.113784,0.062349	1.644044,-0.340547,0.090946	1.597494,-0.573713,0.168846	1.660441,0.148997,0.065068	1.706397,0.370280,0.100139	1.683739,0.613089,0.156109	12
1.654042,0.014581,0.226575	1.657257,0.016931,0.126164	0.000000,0.000000,0.000000	1.651357,0.016487,0.057529	1.635082,0.015265,-0.131776	1.599068,0.011004,-0.291111	1.652300,-0.113796,0.062343	1.644169,-0.340492,0.091506	1.597482,-0.573497,0.170026	1.660424,0.149009,0.065071	1.706304,0.370306,0.100148	1.683394,0.613166,0.156100	12
1.654055,0.014582,0.226578	1.657179,0.016930,0.126165	0.000000,0.000000,0.000000	1.651298,0.016485,0.057528	1.635077,0.015259,-0.131784	1.599066,0.011005,-0.291117	1.652284,-0.113807,0.062338	1.644217,-0.340455,0.091894	1.597524,-0.573127,0.171560	1.660406,0.149020,0.065076	1.706206,0.370334,0.100153	1.683029,0.613267,0.155924	12
1.654071,0.014583,0.226582	1.657101,0.016930,0.126166	0.000000,0.000000,0.000000	1.651239,0.016483,0.057527	1.635071,0.015252,-0.131792	1.599065,0.011005,-0.291123	1.652269,-0.113817,0.062333	1.644226,-0.340370,0.092609	1.597955,-0.570694,0.172492	1.660390,0.149031,0.065083	1.706110,0.370362,0.100157	1.682763,0.611151,0.155360	12
1.654089,0.014584,0.226585	1.657022,0.016929,0.126166	0.000000,0.000000,0.000000	1.651179,0.016481,0.057525	1.635065,0.015244,-0.131801	1.599063,0.011005,-0.291130	1.652253,-0.113826,0.062329	1.644212,-0.340270,0.093414	1.598451,-0.567488,0.173302	1.660374,0.149038,0.065085	1.706025,0.370383,0.100160	1.682519,0.608245,0.154687	12
1.654106,0.014584,0.226587	1.656941,0.016928,0.126165	0.000000,0.000000,0.000000	1.651118,0.016478,0.057523	1.635056,0.015236,-0.131809	1.599061,0.011005,-0.291138	1.652236,-0.113835,0.062325	1.644189,-0.340245,0.093657	1.598885,-0.564139,0.174140	1.660358,0.149043,0.065084	1.706008,0.370388,0.100159	1.682295,0.605320,0.154044	12
1.654124,0.014585,0.226589	1.656859,0.016928,0.126164	0.000000,0.000000,0.000000	1.651055,0.016476,0.057520	1.635047,0.015228,-0.131818	1.599060,0.011006,-0.291146	1.652217,-0.113843,0.062321	1.644159,-0.340265,0.093565	1.599062,-0.561351,0.174137	1.660342,0.149046,0.065081	1.706032,0.370383,0.100153	1.682039,0.602729,0.153486	12
1.654142,0.014585,0.226590	1.656778,0.016927,0.126163	0.000000,0.000000,0.000000	1.650993,0.016473,0.057517	1.635037,0.015220,-0.131827	1.599058,0.011005,-0.291154	1.652197,-0.113851,0.062318	1.644122,-0.340302,0.093339	1.599042,-0.559024,0.173883	1.660327,0.149048,0.065077	1.706076,0.370374,0.100142	1.681755,0.600515,0.153079	12
1.654160,0.014586,0.226591	1.656696,0.016926,0.126161	0.000000,0.000000,0.000000	1.650930,0.016470,0.057514	1.635025,0.015212,-0.131836	1.599056,0.011005,-0.291163	1.652177,-0.113857,0.062314	1.644080,-0.340359,0.092959	1.598885,-0.557080,0.173492	1.660310,0.149049,0.065074	1.706128,0.370362,0.100128	1.681803,0.598684,0.152789	12
1.654178,0.014586,0.226592	1.656613,0.016925,0.126160	0.000000,0.000000,0.000000	1.650866,0.016467,0.057511	1.635013,0.015204,-0.131844	1.599054,0.011005,-0.291171	1.652158,-0.113863,0.062312	1.644026,-0.340435,0.092425	1.598601,-0.555384,0.173142	1.660292,0.149049,0.065070	1.706177,0.370351,0.100111	1.681958,0.597161,0.152574	12
1.654197,0.014586,0.226593	1.656530,0.016925,0.126158	0.000000,0.000000,0.000000	1.650802,0.016465,0.057508	1.635001,0.015196,-0.131853	1.599052,0.011005,-0.291179	1.652137,-0.113869,0.062309	1.643961,-0.340512,0.091867	1.597528,-0.556019,0.174002	1.660273,0.149049,0.065067	1.706231,0.370336,0.100102	1.681946,0.598278,0.153000	12
1.654215,0.014586,0.226594	1.656445,0.016924,0.126157	0.000000,0.000000,0.000000	1.650736,0.016462,0.057505	1.634989,0.015187,-0.131861	1.599050,0.011004,-0.291187	1.652116,-0.113874,0.062307	1.643891,-0.340603,0.091176	1.596010,-0.557405,0.175589	1.660257,0.149048,0.065064	1.706255,0.370327,0.100099	1.681919,0.600478,0.153578	12
1.654234,0.014586,0.226595	1.656362,0.016923,0.126156	0.000000,0.000000,0.000000	1.650672,0.016459,0.057502	1.634977,0.015177,-0.131869	1.599048,0.011004,-0.291195	1.652095,-0.113878,0.062305	1.643824,-0.340654,0.090803	1.594261,-0.558925,0.177331	1.660241,0.149047,0.065062	1.706259,0.370321,0.100100	1.681895,0.602853,0.154152	12
1.654252,0.014586,0.226596	1.656277,0.016922,0.126155	0.000000,0.000000,0.000000	1.650606,0.016455,0.057499	1.634965,0.015165,-0.131877	1.599046,0.011004,-0.291203	1.652074,-0.113882,0.062303	1.643741,-0.340707,0.090391	1.592748,-0.560276,0.178875	1.660221,0.149045,0.065059	1.706249,0.370317,0.100102	1.681690,0.604960,0.154688	12
1.654272,0.014586,0.226597	1.656191,0.016922,0.126153	0.000000,0.000000,0.000000	1.650540,0.016451,0.057497	1.634953,0.015152,-0.131885	1.599044,0.011003,-0.291211	1.652054,-0.113886,0.062301	1.643660,-0.340729,0.090226	1.591318,-0.561539,0.179782	1.660195,0.149043,0.065057	1.706229,0.370312,0.100108	1.681217,0.606652,0.155190	12
1.654291,0.014586,0.226598	1.656106,0.016921,0.126152	0.000000,0.000000,0.000000	1.650475,0.016447,0.057494	1.634941,0.015140,-0.131893	1.599042,0.011003,-0.291219	1.652033,-0.113889,0.062300	1.643581,-0.340733,0.090200	1.590619,-0.562725,0.180361	1.660165,0.149041,0.065055	1.706201,0.370308,0.100116	1.680648,0.607964,0.155614	12
1.654311,0.014587,0.226598	1.656021,0.016920,0.126151	0.000000,0.000000,0.000000	1.650409,0.016443,0.057491	1.634928,0.015127,-0.131901	1.599040,0.011003,-0.291227	1.652012,-0.113892,0.062298	1.643551,-0.340735,0.090204	1.590356,-0.563747,0.180721	1.660132,0.149039,0.065053	1.706159,0.370306,0.100125	1.679999,0.608954,0.155977	12
1.654330,0.014587,0.226599	1.655937,0.016919,0.126149	0.000000,0.000000,0.000000	1.650344,0.016438,0.057488	1.634915,0.015112,-0.131909	1.599038,0.011003,-0.291235	1.651991,-0.113896,0.062297	1.643559,-0.340738,0.090211	1.590285,-0.564591,0.180933	1.660100,0.149036,0.065052	1.706103,0.370307,0.100134	1.679408,0.609702,0.156310	12
1.654350,0.014587,0.226599	1.655853,0.016918,0.126148	0.000000,0.000000,0.000000	1.650278,0.016433,0.057485	1.634902,0.015094,-0.131917	1.599037,0.011002,-0.291243	1.651970,-0.113898,0.062296	1.643590,-0.340743,0.090204	1.590410,-0.565303,0.181043	1.660069,0.149033,0.065050	1.706035,0.370310,0.100145	1.678583,0.610230,0.156634	12
1.654369,0.014587,0.226599	1.655768,0.016917,0.126147	0.000000,0.000000,0.000000	1.650213,0.016427,0.057482	1.634889,0.015074,-0.131924	1.599035,0.011002,-0.291251	1.651948,-0.113901,0.062295	1.643639,-0.340751,0.090181	1.590642,-0.565899,0.181085	1.660041,0.149030,0.065049	1.705951,0.370316,0.100156	1.677532,0.610586,0.156953	12
