joint_position_head	joint_position_neck	joint_position_shoulder	joint_position_spine_top	joint_position_spine_mid	joint_position_spine_bottom	joint_position_left_shoulder	joint_position_left_elbow	joint_position_left_hand	joint_position_right_shoulder	joint_position_right_elbow	joint_position_right_hand	
XYZ order
1.665684,0.046172,0.379376	1.672255,0.042887,0.276662	0.000000,0.000000,0.000000	1.665804,0.040732,0.206294	1.648005,0.034784,0.012148	1.590894,0.031247,-0.142878	1.677984,-0.101974,0.254829	1.696461,-0.212831,0.460873	1.669632,0.001205,0.582747	1.675684,0.187933,0.255581	1.622019,0.325818,0.437770	1.658371,0.122123,0.574041	12
1.665690,0.046187,0.379406	1.672251,0.042887,0.276662	0.000000,0.000000,0.000000	1.665802,0.040734,0.206294	1.648064,0.034810,0.012744	1.591197,0.031298,-0.142343	1.678090,-0.101915,0.255009	1.696432,-0.212668,0.461122	1.669180,0.003021,0.583863	1.675677,0.187886,0.255829	1.621798,0.325958,0.437814	1.658766,0.120524,0.574779	12
1.665697,0.046202,0.379429	1.672248,0.042887,0.276662	0.000000,0.000000,0.000000	1.665818,0.040740,0.206292	1.648160,0.034846,0.013069	1.591448,0.031343,-0.141975	1.678203,-0.101841,0.255095	1.696378,-0.212354,0.461351	1.668672,0.004645,0.584932	1.675671,0.187844,0.256104	1.621578,0.326136,0.437858	1.659081,0.119364,0.575579	12
1.665707,0.046220,0.379448	1.672246,0.042887,0.276662	0.000000,0.000000,0.000000	1.665842,0.040750,0.206290	1.648265,0.034883,0.013130	1.591646,0.031415,-0.141728	1.678314,-0.101762,0.255137	1.696263,-0.211916,0.461605	1.668048,0.006088,0.585886	1.675667,0.187774,0.256180	1.621507,0.326262,0.437764	1.659281,0.118541,0.576303	12
1.665720,0.046241,0.379464	1.672242,0.042887,0.276662	0.000000,0.000000,0.000000	1.665870,0.040760,0.206286	1.648364,0.034918,0.012956	1.591801,0.031474,-0.141571	1.678363,-0.101677,0.255140	1.696102,-0.211364,0.461874	1.667325,0.007348,0.586792	1.675664,0.187684,0.256123	1.621521,0.326346,0.437580	1.659441,0.118021,0.576975	12
1.665737,0.046264,0.379476	1.672239,0.042887,0.276662	0.000000,0.000000,0.000000	1.665899,0.040771,0.206283	1.648450,0.034947,0.012590	1.591920,0.031523,-0.141485	1.678384,-0.101589,0.255128	1.695887,-0.210807,0.462131	1.666519,0.008382,0.587622	1.675660,0.187583,0.256014	1.621563,0.326451,0.437327	1.659801,0.117591,0.577219	12
1.665754,0.046287,0.379486	1.672236,0.042887,0.276662	0.000000,0.000000,0.000000	1.665928,0.040781,0.206280	1.648522,0.034970,0.012072	1.592015,0.031554,-0.141458	1.678392,-0.101499,0.255114	1.695581,-0.210311,0.462357	1.665543,0.009187,0.588345	1.675658,0.187475,0.255874	1.621601,0.326560,0.437034	1.660049,0.117125,0.577085	12
1.665772,0.046314,0.379494	1.672232,0.042887,0.276662	0.000000,0.000000,0.000000	1.665955,0.040791,0.206277	1.648578,0.034989,0.011442	1.592088,0.031579,-0.141478	1.678397,-0.101398,0.255089	1.695209,-0.209930,0.462509	1.664303,0.009723,0.588949	1.675654,0.187358,0.255729	1.621631,0.326674,0.436721	1.660709,0.116711,0.576644	12
1.665791,0.046342,0.379501	1.672229,0.042887,0.276662	0.000000,0.000000,0.000000	1.665980,0.040801,0.206274	1.648622,0.035004,0.010722	1.592140,0.031595,-0.141543	1.678405,-0.101288,0.255067	1.694715,-0.209671,0.462606	1.662941,0.010121,0.589320	1.675650,0.187231,0.255588	1.621663,0.326771,0.436418	1.661571,0.116017,0.575571	12
1.665810,0.046370,0.379506	1.672225,0.042888,0.276662	0.000000,0.000000,0.000000	1.666004,0.040810,0.206271	1.648654,0.035014,0.009939	1.592175,0.031607,-0.141647	1.678410,-0.101167,0.255048	1.694152,-0.209480,0.462668	1.661210,0.010400,0.589508	1.675646,0.187095,0.255458	1.621677,0.326876,0.436106	1.660475,0.115627,0.575347	12
1.665830,0.046400,0.379511	1.672222,0.042888,0.276662	0.000000,0.000000,0.000000	1.666026,0.040818,0.206269	1.648676,0.035022,0.009117	1.592201,0.031616,-0.141787	1.678415,-0.101034,0.255029	1.693570,-0.209614,0.462553	1.659032,0.010280,0.589401	1.675641,0.186947,0.255326	1.621660,0.326857,0.435870	1.659300,0.116432,0.577069	12
1.665848,0.046433,0.379514	1.672218,0.042888,0.276662	0.000000,0.000000,0.000000	1.666041,0.040824,0.206267	1.648671,0.035020,0.008329	1.592220,0.031623,-0.141960	1.678419,-0.100891,0.255013	1.693009,-0.210082,0.462255	1.656902,0.008269,0.588177	1.675636,0.186788,0.255202	1.621628,0.326785,0.435671	1.658468,0.118485,0.577407	12
1.665865,0.046470,0.379517	1.672214,0.042889,0.276662	0.000000,0.000000,0.000000	1.666047,0.040828,0.206266	1.648647,0.035012,0.007626	1.592237,0.031628,-0.142161	1.678424,-0.100733,0.254994	1.692348,-0.210349,0.462058	1.654651,0.005835,0.586748	1.675631,0.186618,0.255084	1.621552,0.326693,0.435471	1.657922,0.120790,0.576844	12
1.665881,0.046512,0.379518	1.672210,0.042890,0.276662	0.000000,0.000000,0.000000	1.666051,0.040830,0.206265	1.648618,0.035002,0.007021	1.592258,0.031634,-0.142383	1.678429,-0.100562,0.254975	1.691691,-0.211196,0.461538	1.653315,0.002657,0.584962	1.675625,0.186433,0.254956	1.621446,0.326576,0.435260	1.657697,0.123198,0.575841	12
1.665897,0.046562,0.379520	1.672206,0.042892,0.276662	0.000000,0.000000,0.000000	1.666051,0.040833,0.206265	1.648585,0.034990,0.006519	1.592275,0.031640,-0.142619	1.678434,-0.100376,0.254954	1.690984,-0.211628,0.461230	1.652615,-0.000175,0.583404	1.675619,0.186235,0.254829	1.621313,0.326450,0.435040	1.657648,0.125793,0.574776	12
1.665917,0.046622,0.379520	1.672202,0.042895,0.276662	0.000000,0.000000,0.000000	1.666049,0.040835,0.206265	1.648554,0.034980,0.006113	1.592290,0.031646,-0.142863	1.678440,-0.100176,0.254933	1.690136,-0.211768,0.461078	1.651976,-0.002501,0.582233	1.675613,0.186025,0.254706	1.621134,0.326327,0.434796	1.657414,0.128031,0.573679	12
1.665941,0.046686,0.379521	1.672198,0.042898,0.276662	0.000000,0.000000,0.000000	1.666046,0.040838,0.206265	1.648526,0.034970,0.005787	1.592275,0.031652,-0.143089	1.678443,-0.099967,0.254919	1.689195,-0.211749,0.461012	1.651897,-0.003996,0.580988	1.675606,0.185820,0.254666	1.620885,0.326253,0.434580	1.657019,0.129838,0.572644	12
1.665968,0.046753,0.379521	1.672194,0.042901,0.276662	0.000000,0.000000,0.000000	1.666043,0.040840,0.206265	1.648502,0.034962,0.005523	1.592249,0.031656,-0.143299	1.678447,-0.099749,0.254904	1.688264,-0.211584,0.461015	1.651866,-0.003032,0.581418	1.675600,0.185627,0.254770	1.620484,0.326250,0.434415	1.656896,0.129363,0.573073	12
1.665999,0.046822,0.379522	1.672189,0.042905,0.276662	0.000000,0.000000,0.000000	1.666039,0.040842,0.206265	1.648483,0.034955,0.005308	1.592219,0.031659,-0.143493	1.678450,-0.099525,0.254894	1.687381,-0.211377,0.461037	1.651810,-0.001076,0.582519	1.675593,0.185424,0.254848	1.620017,0.326218,0.434218	1.656873,0.127915,0.574106	12
1.666033,0.046886,0.379522	1.672185,0.042907,0.276662	0.000000,0.000000,0.000000	1.666036,0.040844,0.206265	1.648467,0.034949,0.005132	1.592162,0.031663,-0.143645	1.678450,-0.099303,0.254893	1.686469,-0.210968,0.461174	1.651750,0.001260,0.583905	1.675588,0.185214,0.254888	1.619484,0.326151,0.433980	1.656877,0.126260,0.575243	12
1.666067,0.046975,0.379521	1.672181,0.042909,0.276662	0.000000,0.000000,0.000000	1.666033,0.040846,0.206265	1.648454,0.034945,0.004984	1.592097,0.031666,-0.143758	1.678459,-0.099055,0.254863	1.685585,-0.210339,0.461382	1.651694,0.003590,0.585352	1.675582,0.184983,0.254936	1.618906,0.326081,0.433721	1.656819,0.124695,0.576164	12
1.666355,0.047496,0.379515	1.672177,0.042911,0.276662	0.000000,0.000000,0.000000	1.666058,0.040839,0.206262	1.648564,0.034914,0.004993	1.592146,0.031670,-0.143848	1.678540,-0.098829,0.255034	1.684743,-0.209696,0.461807	1.651647,0.005742,0.586661	1.675557,0.184758,0.255064	1.618274,0.326053,0.433500	1.656649,0.123483,0.576992	12
1.666834,0.048291,0.379502	1.672172,0.042913,0.276662	0.000000,0.000000,0.000000	1.666092,0.040825,0.206259	1.648734,0.034866,0.005258	1.592286,0.031680,-0.143935	1.678656,-0.098621,0.255324	1.683889,-0.208831,0.462475	1.651600,0.007856,0.587972	1.675510,0.184540,0.255219	1.617594,0.326041,0.433287	1.656382,0.122599,0.577690	12
1.667420,0.048933,0.379496	1.672168,0.042914,0.276662	0.000000,0.000000,0.000000	1.666129,0.040803,0.206256	1.648944,0.034797,0.005887	1.592456,0.031694,-0.143998	1.678776,-0.098408,0.255475	1.683483,-0.207709,0.463119	1.651372,0.009791,0.589269	1.675487,0.184347,0.255446	1.616870,0.326070,0.433108	1.656092,0.121956,0.578194	12
1.668025,0.049447,0.379492	1.672164,0.042916,0.276662	0.000000,0.000000,0.000000	1.666175,0.040783,0.206253	1.649205,0.034740,0.006766	1.592624,0.031708,-0.144021	1.678943,-0.098204,0.255572	1.683338,-0.207145,0.463414	1.651194,0.010922,0.590123	1.675477,0.184175,0.255679	1.616127,0.326073,0.432957	1.656102,0.121528,0.578572	12
1.668601,0.049774,0.379495	1.672159,0.042918,0.276662	0.000000,0.000000,0.000000	1.666279,0.040770,0.206244	1.649692,0.034714,0.007634	1.592824,0.031719,-0.143973	1.679128,-0.098015,0.255637	1.683329,-0.206817,0.463556	1.651047,0.011609,0.590804	1.675472,0.184026,0.255917	1.615390,0.326073,0.432829	1.656234,0.121269,0.578878	12
1.669177,0.050001,0.379499	1.672155,0.042920,0.276662	0.000000,0.000000,0.000000	1.666417,0.040765,0.206233	1.650295,0.034710,0.008344	1.593031,0.031731,-0.143881	1.679307,-0.097845,0.255693	1.683375,-0.206860,0.463503	1.650938,0.011890,0.591086	1.675469,0.183878,0.256032	1.614722,0.326003,0.432655	1.656373,0.121149,0.579215	12
1.669584,0.050131,0.379501	1.672149,0.042921,0.276662	0.000000,0.000000,0.000000	1.666566,0.040763,0.206220	1.650922,0.034717,0.008844	1.593215,0.031741,-0.143754	1.679363,-0.097698,0.255741	1.683417,-0.207069,0.463363	1.650856,0.011965,0.591155	1.675467,0.183741,0.256106	1.614131,0.325918,0.432484	1.656419,0.121108,0.579560	12
1.669852,0.050214,0.379502	1.672143,0.042923,0.276662	0.000000,0.000000,0.000000	1.666718,0.040763,0.206208	1.651541,0.034723,0.009135	1.593320,0.031751,-0.143540	1.679384,-0.097572,0.255813	1.683427,-0.207224,0.463287	1.650809,0.012091,0.591161	1.675465,0.183613,0.256142	1.613546,0.325809,0.432301	1.656407,0.121120,0.579883	12
1.669948,0.050274,0.379503	1.672137,0.042924,0.276665	0.000000,0.000000,0.000000	1.666827,0.040764,0.206202	1.651986,0.034727,0.009244	1.593367,0.031762,-0.143283	1.679392,-0.097461,0.255897	1.683414,-0.207401,0.463218	1.650846,0.012216,0.591049	1.675460,0.183496,0.256164	1.613023,0.325704,0.432129	1.656415,0.121375,0.580452	12
