joint_position_head	joint_position_neck	joint_position_shoulder	joint_position_spine_top	joint_position_spine_mid	joint_position_spine_bottom	joint_position_left_shoulder	joint_position_left_elbow	joint_position_left_hand	joint_position_right_shoulder	joint_position_right_elbow	joint_position_right_hand	
XYZ order
1.816101,0.047377,0.095069	1.788542,0.055235,-0.006944	0.000000,0.000000,0.000000	1.792349,0.051859,-0.076466	1.802955,0.042453,-0.270145	1.762872,0.037606,-0.434388	1.826521,-0.075603,-0.074866	1.962393,-0.259239,-0.031064	1.975240,-0.350937,0.220442	1.760709,0.188944,-0.074186	1.705838,0.403142,-0.002003	1.634523,0.416985,0.255972	12
1.815786,0.046886,0.095105	1.788542,0.055233,-0.006943	0.000000,0.000000,0.000000	1.792336,0.051855,-0.076466	1.802908,0.042445,-0.270162	1.762843,0.037582,-0.434407	1.826277,-0.075651,-0.074881	1.962268,-0.259498,-0.030301	1.975111,-0.351348,0.221595	1.760639,0.188929,-0.074152	1.705791,0.403474,-0.001744	1.634562,0.416819,0.256715	12
1.815466,0.046340,0.095124	1.788542,0.055230,-0.006942	0.000000,0.000000,0.000000	1.792323,0.051853,-0.076466	1.802859,0.042441,-0.270195	1.762821,0.037539,-0.434432	1.826030,-0.075685,-0.074933	1.962261,-0.259755,-0.029876	1.974938,-0.351643,0.222538	1.760533,0.188901,-0.074133	1.705723,0.403802,-0.001439	1.634581,0.416607,0.257582	12
1.815229,0.045960,0.095129	1.788542,0.055228,-0.006941	0.000000,0.000000,0.000000	1.792305,0.051851,-0.076465	1.802791,0.042438,-0.270237	1.762801,0.037503,-0.434463	1.825927,-0.075755,-0.074840	1.962270,-0.260141,-0.029170	1.974761,-0.351885,0.223702	1.760425,0.188876,-0.074116	1.705629,0.404183,-0.001224	1.634374,0.416410,0.258181	12
1.815082,0.045668,0.095116	1.788542,0.055226,-0.006940	0.000000,0.000000,0.000000	1.792281,0.051850,-0.076465	1.802703,0.042436,-0.270281	1.762780,0.037471,-0.434497	1.825371,-0.075951,-0.074760	1.962405,-0.260349,-0.029072	1.974652,-0.352053,0.224021	1.760250,0.188842,-0.074098	1.705535,0.404570,-0.001048	1.634085,0.416158,0.258521	12
1.814985,0.045417,0.095094	1.788542,0.055224,-0.006939	0.000000,0.000000,0.000000	1.792262,0.051848,-0.076465	1.802635,0.042435,-0.270322	1.762761,0.037444,-0.434522	1.824522,-0.076083,-0.074964	1.962521,-0.260314,-0.029473	1.974607,-0.352171,0.223482	1.760050,0.188806,-0.074082	1.705444,0.404951,-0.000907	1.633697,0.416023,0.258514	12
1.814909,0.045178,0.095069	1.788542,0.055222,-0.006938	0.000000,0.000000,0.000000	1.792247,0.051847,-0.076466	1.802580,0.042433,-0.270362	1.762741,0.037418,-0.434540	1.823585,-0.076165,-0.075311	1.962662,-0.260104,-0.030129	1.974578,-0.352105,0.222389	1.759804,0.188767,-0.074064	1.705387,0.405305,-0.000792	1.633276,0.415936,0.258164	12
1.814864,0.044974,0.095040	1.788542,0.055220,-0.006937	0.000000,0.000000,0.000000	1.792234,0.051845,-0.076466	1.802533,0.042432,-0.270398	1.762722,0.037393,-0.434553	1.823217,-0.076108,-0.075631	1.962923,-0.259938,-0.030781	1.974517,-0.351871,0.221312	1.759711,0.188755,-0.074060	1.705341,0.405521,-0.000717	1.633113,0.415854,0.257766	12
1.814843,0.044869,0.095019	1.788542,0.055217,-0.006937	0.000000,0.000000,0.000000	1.792223,0.051843,-0.076466	1.802492,0.042431,-0.270433	1.762704,0.037363,-0.434562	1.823205,-0.076100,-0.075676	1.963125,-0.259986,-0.031038	1.974353,-0.351714,0.220710	1.759705,0.188759,-0.074063	1.705301,0.405640,-0.000668	1.633070,0.415768,0.257397	12
1.814835,0.044852,0.095004	1.788542,0.055215,-0.006936	0.000000,0.000000,0.000000	1.792215,0.051842,-0.076465	1.802464,0.042430,-0.270465	1.762687,0.037331,-0.434566	1.823326,-0.076064,-0.075702	1.963223,-0.260069,-0.031069	1.974162,-0.351634,0.220387	1.759704,0.188762,-0.074065	1.705267,0.405706,-0.000631	1.633003,0.415679,0.257076	12
1.814852,0.044856,0.094966	1.788541,0.055213,-0.006935	0.000000,0.000000,0.000000	1.792207,0.051834,-0.076465	1.802438,0.042405,-0.270522	1.762722,0.037281,-0.434601	1.823517,-0.076027,-0.075704	1.963322,-0.260138,-0.031073	1.974003,-0.351578,0.220155	1.759666,0.188684,-0.074221	1.705276,0.405615,-0.000620	1.632905,0.415608,0.256777	12
1.814863,0.044871,0.094915	1.788541,0.055210,-0.006934	0.000000,0.000000,0.000000	1.792199,0.051829,-0.076464	1.802414,0.042388,-0.270616	1.762779,0.037247,-0.434668	1.823630,-0.076015,-0.075716	1.963404,-0.260154,-0.031109	1.974494,-0.351502,0.219919	1.759599,0.188585,-0.074428	1.705304,0.405468,-0.000621	1.632782,0.415535,0.256520	12
1.814864,0.044891,0.094863	1.788541,0.055207,-0.006933	0.000000,0.000000,0.000000	1.792192,0.051827,-0.076463	1.802394,0.042381,-0.270739	1.762815,0.037231,-0.434747	1.823689,-0.076018,-0.075738	1.963480,-0.260131,-0.031171	1.975353,-0.351427,0.219683	1.759513,0.188543,-0.074523	1.705317,0.405399,-0.000618	1.632614,0.415443,0.256321	12
1.814857,0.044910,0.094812	1.788541,0.055205,-0.006931	0.000000,0.000000,0.000000	1.792186,0.051825,-0.076462	1.802379,0.042377,-0.270874	1.762823,0.037222,-0.434820	1.823712,-0.076031,-0.075763	1.963560,-0.260064,-0.031238	1.976306,-0.351416,0.219439	1.759416,0.188526,-0.074567	1.705325,0.405352,-0.000613	1.632444,0.415324,0.256168	12
1.814850,0.044941,0.094765	1.788541,0.055202,-0.006929	0.000000,0.000000,0.000000	1.792180,0.051826,-0.076460	1.802363,0.042379,-0.271021	1.762812,0.037217,-0.434874	1.823720,-0.076045,-0.075791	1.963634,-0.259975,-0.031350	1.976732,-0.351441,0.219187	1.759371,0.188533,-0.074586	1.705319,0.405300,-0.000614	1.632263,0.415217,0.256039	12
1.814843,0.044974,0.094721	1.788540,0.055200,-0.006927	0.000000,0.000000,0.000000	1.792175,0.051826,-0.076458	1.802352,0.042381,-0.271168	1.762795,0.037209,-0.434914	1.823719,-0.076061,-0.075818	1.963705,-0.259870,-0.031510	1.976908,-0.351483,0.218907	1.759349,0.188549,-0.074592	1.705313,0.405235,-0.000617	1.632069,0.415089,0.255927	12
1.814838,0.044998,0.094677	1.788540,0.055197,-0.006925	0.000000,0.000000,0.000000	1.792169,0.051826,-0.076457	1.802341,0.042381,-0.271313	1.762780,0.037200,-0.434952	1.823719,-0.076080,-0.075833	1.963763,-0.259757,-0.031666	1.976982,-0.351548,0.218639	1.759336,0.188566,-0.074596	1.705307,0.405151,-0.000624	1.631867,0.414903,0.255823	12
1.814832,0.045019,0.094638	1.788540,0.055194,-0.006923	0.000000,0.000000,0.000000	1.792164,0.051826,-0.076455	1.802329,0.042382,-0.271458	1.762770,0.037190,-0.434994	1.823723,-0.076096,-0.075848	1.963873,-0.259647,-0.032263	1.976940,-0.351443,0.218007	1.759327,0.188581,-0.074599	1.705315,0.405021,-0.000644	1.631814,0.414867,0.255741	12
1.814826,0.045032,0.094603	1.788539,0.055192,-0.006920	0.000000,0.000000,0.000000	1.792158,0.051827,-0.076453	1.802315,0.042384,-0.271604	1.762761,0.037184,-0.435044	1.823729,-0.076109,-0.075865	1.963998,-0.259494,-0.033064	1.976864,-0.351295,0.217174	1.759319,0.188595,-0.074603	1.705352,0.404837,-0.000675	1.631839,0.414881,0.255658	12
1.814820,0.045042,0.094573	1.788539,0.055189,-0.006918	0.000000,0.000000,0.000000	1.792153,0.051827,-0.076451	1.802304,0.042386,-0.271750	1.762754,0.037180,-0.435100	1.823734,-0.076119,-0.075881	1.964140,-0.259283,-0.034066	1.976780,-0.351119,0.216127	1.759316,0.188608,-0.074608	1.705420,0.404590,-0.000723	1.631901,0.414928,0.255554	12
1.814816,0.045046,0.094551	1.788538,0.055135,-0.006916	0.000000,0.000000,0.000000	1.792148,0.051790,-0.076450	1.802295,0.042389,-0.271900	1.762737,0.037177,-0.435160	1.823750,-0.076172,-0.075917	1.964308,-0.259027,-0.035222	1.976696,-0.350935,0.214911	1.759322,0.188583,-0.074596	1.705524,0.404247,-0.000814	1.631999,0.415007,0.255399	12
1.814813,0.045047,0.094533	1.788538,0.055049,-0.006913	0.000000,0.000000,0.000000	1.792143,0.051730,-0.076449	1.802285,0.042394,-0.272053	1.762708,0.037175,-0.435224	1.823772,-0.076254,-0.075968	1.964471,-0.258736,-0.036550	1.976633,-0.350751,0.213507	1.759332,0.188539,-0.074574	1.705659,0.403822,-0.000933	1.632110,0.415109,0.255204	12
1.814809,0.045047,0.094517	1.788538,0.054980,-0.006911	0.000000,0.000000,0.000000	1.792139,0.051682,-0.076448	1.802277,0.042397,-0.272195	1.762666,0.037174,-0.435280	1.823795,-0.076322,-0.076020	1.964598,-0.258396,-0.037642	1.976606,-0.350663,0.212284	1.759339,0.188511,-0.074560	1.705810,0.403413,-0.001069	1.632241,0.415227,0.254994	12
1.814806,0.045047,0.094499	1.788537,0.054936,-0.006908	0.000000,0.000000,0.000000	1.792135,0.051651,-0.076446	1.802269,0.042398,-0.272321	1.762621,0.037173,-0.435326	1.823815,-0.076370,-0.076067	1.964659,-0.257962,-0.037876	1.976644,-0.350936,0.211738	1.759341,0.188502,-0.074557	1.705968,0.403072,-0.001197	1.632397,0.415353,0.254795	12
1.814801,0.045048,0.094483	1.788537,0.054906,-0.006905	0.000000,0.000000,0.000000	1.792132,0.051630,-0.076443	1.802262,0.042397,-0.272426	1.762573,0.037173,-0.435360	1.823831,-0.076406,-0.076109	1.964678,-0.257496,-0.037490	1.976710,-0.351283,0.211766	1.759341,0.188504,-0.074559	1.706138,0.402811,-0.001316	1.632559,0.415462,0.254607	12
1.814796,0.045048,0.094469	1.788536,0.054884,-0.006902	0.000000,0.000000,0.000000	1.792129,0.051614,-0.076441	1.802257,0.042395,-0.272511	1.762522,0.037173,-0.435383	1.823845,-0.076436,-0.076149	1.964692,-0.257053,-0.036865	1.976800,-0.351633,0.212036	1.759339,0.188512,-0.074563	1.706312,0.402618,-0.001418	1.632719,0.415524,0.254438	12
1.814791,0.045049,0.094457	1.788536,0.054865,-0.006899	0.000000,0.000000,0.000000	1.792126,0.051601,-0.076438	1.802251,0.042394,-0.272576	1.762468,0.037173,-0.435396	1.823858,-0.076462,-0.076187	1.964815,-0.256647,-0.036506	1.976852,-0.351830,0.212140	1.759338,0.188520,-0.074567	1.706505,0.402496,-0.001538	1.632892,0.415558,0.254275	12
1.814786,0.045049,0.094447	1.788535,0.054848,-0.006895	0.000000,0.000000,0.000000	1.792124,0.051588,-0.076434	1.802248,0.042392,-0.272625	1.762417,0.037173,-0.435403	1.823874,-0.076486,-0.076221	1.964816,-0.256432,-0.036327	1.976888,-0.351912,0.212204	1.759335,0.188530,-0.074572	1.706717,0.402424,-0.001653	1.633072,0.415575,0.254145	12
1.814782,0.045050,0.094439	1.788535,0.054828,-0.006891	0.000000,0.000000,0.000000	1.792123,0.051574,-0.076431	1.802246,0.042391,-0.272662	1.762386,0.037173,-0.435409	1.823890,-0.076512,-0.076254	1.964745,-0.256338,-0.036226	1.976920,-0.351939,0.212286	1.759334,0.188536,-0.074575	1.706927,0.402392,-0.001784	1.633242,0.415580,0.254034	12
