joint_position_spine_top	joint_position_spine_mid	joint_position_right_shoulder	joint_position_right_elbow	joint_position_right_hand	
XYZ order
1.444456	-0.001420	0.034446 1.453345	-0.007754	-0.188764 1.485752	0.170439	0.039318 1.515243	0.406807	0.119215 1.447798	0.582086	0.336828 
1.440629	-0.002946	0.046071 1.458296	-0.009920	-0.176236 1.472191	0.167822	0.044794 1.504084	0.403037	0.127122 1.438589	0.578924	0.344644 
1.433967	-0.004192	0.055169 1.456944	-0.011174	-0.164759 1.459925	0.165840	0.050548 1.490657	0.399467	0.137675 1.430023	0.574684	0.357125 
1.425216	-0.005007	0.060257 1.449373	-0.011612	-0.158139 1.448008	0.165555	0.056059 1.478576	0.396153	0.150818 1.422338	0.570022	0.372257 
1.415710	-0.005570	0.062545 1.439005	-0.011671	-0.155726 1.439808	0.165216	0.060022 1.467381	0.392458	0.163420 1.414774	0.563182	0.387471 
1.406738	-0.005857	0.063340 1.428813	-0.011624	-0.155650 1.433007	0.164987	0.062467 1.457161	0.389132	0.173991 1.406276	0.552701	0.402676 
1.399218	-0.005986	0.063534 1.420883	-0.011584	-0.156245 1.427400	0.164943	0.064312 1.448647	0.386210	0.182949 1.398227	0.539641	0.417623 
1.393327	-0.006061	0.063649 1.415511	-0.011596	-0.156267 1.423225	0.165054	0.066309 1.442291	0.383033	0.191467 1.389741	0.527872	0.431284 
1.388770	-0.006120	0.063757 1.412542	-0.011639	-0.155314 1.419364	0.165320	0.068245 1.437825	0.379421	0.199886 1.381650	0.517929	0.444065 
1.385537	-0.006185	0.063839 1.411336	-0.011702	-0.153288 1.417695	0.165403	0.070390 1.433775	0.376460	0.206949 1.373851	0.509724	0.455610 
1.383413	-0.006258	0.063952 1.411386	-0.011804	-0.152923 1.416654	0.165402	0.072182 1.430448	0.373991	0.212489 1.366521	0.501938	0.465320 
1.382175	-0.006286	0.064060 1.411704	-0.011793	-0.153439 1.415886	0.165218	0.072986 1.428490	0.371972	0.215864 1.360788	0.494689	0.472280 
1.381572	-0.006249	0.064115 1.411987	-0.011595	-0.154339 1.415825	0.164864	0.073193 1.427629	0.370513	0.217513 1.356212	0.489566	0.476186 
1.381342	-0.006181	0.064120 1.411844	-0.011236	-0.152920 1.416199	0.164369	0.072943 1.427373	0.368964	0.218610 1.352198	0.484345	0.479121 
1.381292	-0.006099	0.064104 1.411520	-0.010819	-0.150683 1.416775	0.163837	0.072547 1.427504	0.367890	0.218841 1.350214	0.481451	0.480616 
1.381348	-0.006009	0.064067 1.411171	-0.010375	-0.148475 1.417438	0.163307	0.072098 1.427717	0.367359	0.218281 1.349997	0.481327	0.480793 
1.381523	-0.005914	0.064026 1.411014	-0.009932	-0.146642 1.418103	0.162795	0.071619 1.428097	0.367172	0.217239 1.351239	0.481754	0.478031 
1.381823	-0.005823	0.063985 1.411149	-0.009508	-0.145276 1.418759	0.162295	0.071090 1.428611	0.366871	0.216327 1.352939	0.482639	0.474332 
1.382553	-0.005732	0.063932 1.411579	-0.009093	-0.144413 1.419427	0.161902	0.070519 1.429207	0.366567	0.215530 1.354735	0.484064	0.470598 
1.383902	-0.005638	0.063867 1.412392	-0.008677	-0.143990 1.420098	0.161655	0.069917 1.429888	0.366317	0.214831 1.356518	0.486650	0.467038 
1.386088	-0.005540	0.063775 1.413469	-0.008264	-0.143982 1.420780	0.161595	0.069244 1.430672	0.366162	0.214187 1.358203	0.490384	0.463785 
1.388920	-0.005429	0.063662 1.414688	-0.007851	-0.144308 1.421385	0.161750	0.068649 1.431575	0.366291	0.213510 1.359764	0.494853	0.460993 
1.392092	-0.005313	0.063533 1.415980	-0.007442	-0.144880 1.421967	0.161976	0.068090 1.432523	0.366636	0.212653 1.360946	0.498936	0.459892 
1.395114	-0.005200	0.063411 1.417327	-0.007037	-0.145565 1.422531	0.162106	0.067564 1.433543	0.367111	0.211498 1.362024	0.501659	0.459421 
1.397693	-0.005091	0.063310 1.418713	-0.006644	-0.146282 1.423076	0.162096	0.067098 1.434672	0.367726	0.209981 1.363124	0.502124	0.459324 
1.399711	-0.004985	0.063233 1.420131	-0.006253	-0.146984 1.423610	0.161958	0.066701 1.435918	0.368460	0.208146 1.364407	0.501742	0.458760 
1.401331	-0.004878	0.063174 1.421639	-0.005858	-0.147610 1.424160	0.161748	0.066356 1.437210	0.369470	0.205812 1.365849	0.500912	0.457723 
1.402811	-0.004772	0.063118 1.423275	-0.005460	-0.148159 1.424723	0.161517	0.065990 1.438576	0.370779	0.202917 1.367401	0.499782	0.456162 
1.404302	-0.004665	0.063064 1.425144	-0.005065	-0.148618 1.425347	0.161300	0.065620 1.440009	0.372240	0.199729 1.369066	0.498722	0.454245 
1.405819	-0.004559	0.063029 1.427574	-0.004673	-0.148920 1.425982	0.161087	0.065237 1.441407	0.373307	0.197102 1.370691	0.498272	0.452457 
