joint_position_spine_top	joint_position_spine_mid	joint_position_right_shoulder	joint_position_right_elbow	joint_position_right_hand	
XYZ order
1.562628	0.008277	-0.016061 1.543566	-0.000343	-0.222037 1.592234	0.170939	-0.020870 1.563058	0.414146	-0.016213 1.501790	0.355348	0.244969 
1.562681	0.008276	-0.016059 1.543566	-0.000345	-0.222073 1.592595	0.170823	-0.020819 1.566139	0.414468	-0.016246 1.501614	0.353197	0.242278 
1.562788	0.008276	-0.016055 1.543570	-0.000347	-0.222104 1.592933	0.170716	-0.020819 1.567867	0.414615	-0.016272 1.501252	0.352401	0.240508 
1.562966	0.008275	-0.016050 1.543576	-0.000348	-0.222130 1.593052	0.170650	-0.020859 1.568068	0.414639	-0.016278 1.501152	0.352421	0.239662 
1.563255	0.008274	-0.016040 1.543586	-0.000348	-0.222144 1.593095	0.170617	-0.020913 1.568033	0.414660	-0.016287 1.501102	0.352761	0.239131 
1.563689	0.008274	-0.016026 1.543602	-0.000348	-0.222142 1.593109	0.170618	-0.020973 1.567946	0.414697	-0.016282 1.501085	0.353169	0.238779 
1.564295	0.008274	-0.016005 1.543624	-0.000347	-0.222120 1.593109	0.170648	-0.021038 1.567783	0.414748	-0.016264 1.501108	0.353409	0.238526 
1.565005	0.008274	-0.015981 1.543651	-0.000345	-0.222083 1.592937	0.170706	-0.021115 1.567640	0.414839	-0.016237 1.501157	0.353547	0.238327 
1.565749	0.008275	-0.015954 1.543680	-0.000343	-0.222039 1.592844	0.170757	-0.021181 1.567566	0.414915	-0.016229 1.501209	0.353632	0.238141 
1.566498	0.008276	-0.015926 1.543710	-0.000341	-0.221992 1.592809	0.170793	-0.021251 1.567524	0.414969	-0.016225 1.501256	0.353681	0.237983 
1.567236	0.008277	-0.015898 1.543741	-0.000338	-0.221944 1.592803	0.170816	-0.021331 1.567503	0.415005	-0.016204 1.501298	0.353712	0.237875 
1.567958	0.008279	-0.015870 1.543771	-0.000336	-0.221894 1.592811	0.170830	-0.021416 1.567493	0.415027	-0.016151 1.501335	0.353733	0.237822 
1.568655	0.008280	-0.015842 1.543801	-0.000333	-0.221846 1.592835	0.170840	-0.021495 1.567485	0.415041	-0.016088 1.501365	0.353746	0.237801 
1.569322	0.008281	-0.015815 1.543833	-0.000331	-0.221801 1.592867	0.170846	-0.021575 1.567481	0.415049	-0.016044 1.501375	0.353743	0.237771 
1.569958	0.008283	-0.015788 1.543864	-0.000329	-0.221758 1.592898	0.170846	-0.021659 1.567478	0.415042	-0.015698 1.501286	0.353641	0.238012 
1.570569	0.008284	-0.015762 1.543896	-0.000327	-0.221717 1.592935	0.170849	-0.021735 1.567483	0.415040	-0.015512 1.501237	0.353569	0.238119 
1.571024	0.008285	-0.015743 1.543920	-0.000326	-0.221703 1.592948	0.170847	-0.021798 1.567499	0.415040	-0.015416 1.501217	0.353527	0.238157 
1.571298	0.008285	-0.015731 1.543936	-0.000326	-0.221719 1.592951	0.170832	-0.021865 1.567519	0.415027	-0.015363 1.501212	0.353470	0.238162 
1.571437	0.008286	-0.015725 1.543945	-0.000327	-0.221757 1.592948	0.170810	-0.021937 1.567540	0.415006	-0.015325 1.501212	0.353411	0.238160 
1.571495	0.008286	-0.015723 1.543950	-0.000329	-0.221812 1.592946	0.170807	-0.021964 1.567547	0.415005	-0.015299 1.501220	0.353325	0.238146 
1.571519	0.008286	-0.015722 1.543952	-0.000332	-0.221876 1.592944	0.170817	-0.021967 1.567545	0.415016	-0.015292 1.501235	0.353230	0.238116 
1.571518	0.008286	-0.015723 1.543954	-0.000334	-0.221950 1.592942	0.170832	-0.021961 1.567539	0.415033	-0.015295 1.501253	0.353133	0.238079 
1.571507	0.008286	-0.015724 1.543959	-0.000337	-0.222022 1.592937	0.170850	-0.021952 1.567533	0.415053	-0.015314 1.501270	0.353049	0.238031 
1.571495	0.008286	-0.015725 1.543966	-0.000339	-0.222083 1.592937	0.170872	-0.021943 1.567502	0.415074	-0.015339 1.501292	0.352906	0.237971 
1.571495	0.008286	-0.015726 1.543976	-0.000341	-0.222128 1.592941	0.170898	-0.021934 1.567421	0.415091	-0.015351 1.501315	0.352727	0.237932 
1.571503	0.008286	-0.015726 1.543990	-0.000341	-0.222160 1.592947	0.170926	-0.021927 1.567377	0.415115	-0.015361 1.501326	0.352639	0.237903 
1.571523	0.008286	-0.015726 1.544006	-0.000342	-0.222179 1.592955	0.170955	-0.021924 1.567350	0.415142	-0.015383 1.501327	0.352581	0.237863 
1.571553	0.008287	-0.015725 1.544025	-0.000341	-0.222177 1.592962	0.170991	-0.021916 1.567333	0.415177	-0.015394 1.501304	0.352536	0.237828 
1.571589	0.008287	-0.015724 1.544048	-0.000340	-0.222150 1.592970	0.171033	-0.021907 1.567320	0.415217	-0.015398 1.501272	0.352498	0.237796 
1.571625	0.008287	-0.015724 1.544075	-0.000337	-0.222100 1.592978	0.171078	-0.021899 1.567310	0.415261	-0.015413 1.501241	0.352467	0.237756 
