joint_position_head	joint_position_neck	joint_position_shoulder	joint_position_spine_top	joint_position_spine_mid	joint_position_spine_bottom	joint_position_left_shoulder	joint_position_left_elbow	joint_position_left_hand	joint_position_right_shoulder	joint_position_right_elbow	joint_position_right_hand	
XYZ order
1.790262,0.018316,0.184992	1.760143,0.014052,0.088317	0.000000,0.000000,0.000000	1.739932,0.011717,0.019724	1.681543,0.004971,-0.178441	1.620693,0.003633,-0.333347	1.756757,-0.130481,0.031932	1.834732,-0.352503,0.050186	1.850906,-0.590860,0.153305	1.771401,0.156146,0.026973	1.889547,0.355007,0.073908	1.914013,0.598845,0.161394	12
1.790261,0.018312,0.184989	1.760143,0.013916,0.088161	0.000000,0.000000,0.000000	1.739922,0.011612,0.019570	1.681509,0.004958,-0.178571	1.620607,0.003630,-0.333656	1.756565,-0.130579,0.031906	1.834583,-0.352009,0.050099	1.850542,-0.590249,0.153521	1.771275,0.156023,0.027023	1.889068,0.354508,0.073685	1.912440,0.598585,0.160804	12
1.790260,0.018307,0.184985	1.760143,0.013784,0.088003	0.000000,0.000000,0.000000	1.739912,0.011511,0.019414	1.681476,0.004945,-0.178699	1.620522,0.003624,-0.333935	1.756236,-0.130666,0.031884	1.834412,-0.351427,0.050001	1.850418,-0.589636,0.153488	1.771124,0.155901,0.027072	1.888504,0.354003,0.073473	1.910900,0.598331,0.160143	12
1.790259,0.018303,0.184981	1.760143,0.013645,0.087845	0.000000,0.000000,0.000000	1.739901,0.011404,0.019258	1.681443,0.004932,-0.178823	1.620441,0.003616,-0.334186	1.755746,-0.130749,0.031866	1.834253,-0.350851,0.049887	1.850348,-0.589058,0.153364	1.770941,0.155769,0.027124	1.887930,0.353547,0.073279	1.909504,0.598102,0.159517	12
1.790260,0.018299,0.184984	1.760143,0.013546,0.087693	0.000000,0.000000,0.000000	1.739890,0.011327,0.019108	1.681411,0.004922,-0.178935	1.620360,0.003608,-0.334402	1.755535,-0.130801,0.031859	1.834137,-0.350407,0.049784	1.850342,-0.588649,0.153164	1.770714,0.155669,0.027163	1.887439,0.353132,0.073103	1.908563,0.597780,0.159189	12
1.790258,0.018301,0.184978	1.760143,0.013488,0.087527	0.000000,0.000000,0.000000	1.739877,0.011282,0.018945	1.681371,0.004914,-0.179054	1.620261,0.003600,-0.334592	1.755486,-0.130826,0.031861	1.834048,-0.350053,0.049737	1.850360,-0.588358,0.152954	1.770461,0.155612,0.027184	1.887003,0.352784,0.072934	1.908051,0.597431,0.159043	12
1.790255,0.018306,0.184968	1.760143,0.013454,0.087354	0.000000,0.000000,0.000000	1.739863,0.011255,0.018776	1.681327,0.004908,-0.179174	1.620162,0.003592,-0.334760	1.755478,-0.130837,0.031870	1.833957,-0.349769,0.049719	1.850406,-0.588163,0.152708	1.770207,0.155579,0.027194	1.886596,0.352514,0.072786	1.906987,0.597178,0.158999	12
1.790125,0.018381,0.184975	1.760143,0.013421,0.087172	0.000000,0.000000,0.000000	1.739660,0.011206,0.018656	1.680550,0.004811,-0.179069	1.619396,0.003375,-0.334697	1.755466,-0.130872,0.031881	1.833869,-0.349534,0.049713	1.850477,-0.588080,0.152323	1.769099,0.155533,0.026983	1.886144,0.351742,0.072592	1.906408,0.596416,0.158807	12
1.789912,0.018457,0.184990	1.760143,0.013385,0.086991	0.000000,0.000000,0.000000	1.739342,0.011139,0.018572	1.679332,0.004658,-0.178819	1.618290,0.003022,-0.334488	1.755440,-0.130929,0.031869	1.833771,-0.349332,0.049682	1.850596,-0.588042,0.151875	1.766843,0.155499,0.026642	1.885496,0.350401,0.072293	1.905971,0.595071,0.158472	12
1.789730,0.018525,0.184990	1.760143,0.013363,0.086812	0.000000,0.000000,0.000000	1.738977,0.011071,0.018507	1.677930,0.004460,-0.178504	1.616976,0.002580,-0.334167	1.755440,-0.130978,0.031850	1.833663,-0.349165,0.049662	1.850759,-0.588024,0.151462	1.764572,0.155452,0.026275	1.884802,0.349082,0.071996	1.905792,0.593717,0.158150	12
1.789616,0.018594,0.184985	1.760143,0.013354,0.086650	0.000000,0.000000,0.000000	1.738598,0.011012,0.018465	1.676463,0.004258,-0.178179	1.615603,0.002132,-0.333801	1.755453,-0.131010,0.031833	1.833557,-0.349025,0.049650	1.850905,-0.588082,0.150938	1.763670,0.155420,0.026051	1.884430,0.348467,0.071845	1.905754,0.593038,0.158095	12
1.789513,0.018672,0.184875	1.760143,0.013351,0.086357	0.000000,0.000000,0.000000	1.738237,0.010954,0.018289	1.675058,0.004039,-0.178027	1.614157,0.001641,-0.333549	1.755469,-0.131075,0.031807	1.833466,-0.348944,0.049645	1.850973,-0.588083,0.150715	1.763500,0.155429,0.025859	1.884235,0.348262,0.071776	1.905748,0.592801,0.158070	12
1.789498,0.018749,0.184702	1.760143,0.013351,0.085979	0.000000,0.000000,0.000000	1.737998,0.010895,0.017990	1.674123,0.003812,-0.178113	1.612912,0.001160,-0.333461	1.755500,-0.131156,0.031775	1.833385,-0.348910,0.049642	1.851012,-0.588036,0.150721	1.763777,0.155487,0.025752	1.884215,0.348306,0.071778	1.905736,0.592842,0.158080	12
1.789502,0.018837,0.184548	1.760143,0.013353,0.085584	0.000000,0.000000,0.000000	1.737856,0.010824,0.017643	1.673566,0.003529,-0.178339	1.611878,0.000578,-0.333491	1.755536,-0.131233,0.031747	1.833271,-0.348898,0.049638	1.851073,-0.587948,0.150867	1.763892,0.155566,0.025694	1.884182,0.348305,0.071775	1.905714,0.592834,0.158095	12
1.789503,0.018924,0.184427	1.760143,0.013354,0.085187	0.000000,0.000000,0.000000	1.737778,0.010744,0.017276	1.673259,0.003213,-0.178640	1.611343,-0.000048,-0.333713	1.755573,-0.131304,0.031726	1.833136,-0.348891,0.049632	1.851151,-0.587841,0.151058	1.763866,0.155647,0.025654	1.884106,0.348255,0.071762	1.905688,0.592770,0.158109	12
1.789498,0.019024,0.184318	1.760143,0.013355,0.084772	0.000000,0.000000,0.000000	1.737733,0.010661,0.016878	1.673079,0.002889,-0.178998	1.611082,-0.000694,-0.334049	1.755613,-0.131373,0.031704	1.833011,-0.348883,0.049626	1.851233,-0.587710,0.151304	1.763774,0.155732,0.025624	1.883993,0.348196,0.071750	1.905630,0.592685,0.158158	12
1.789494,0.019138,0.184237	1.760143,0.013356,0.084363	0.000000,0.000000,0.000000	1.737703,0.010580,0.016483	1.672959,0.002572,-0.179371	1.610963,-0.001315,-0.334426	1.755630,-0.131431,0.031685	1.832874,-0.348867,0.049619	1.851326,-0.587548,0.151598	1.763608,0.155810,0.025598	1.883824,0.348129,0.071729	1.905566,0.592577,0.158223	12
1.789506,0.019254,0.184240	1.760143,0.013356,0.084044	0.000000,0.000000,0.000000	1.737685,0.010505,0.016173	1.672881,0.002277,-0.179674	1.610930,-0.001907,-0.334743	1.755635,-0.131457,0.031677	1.832702,-0.348865,0.049606	1.851432,-0.587389,0.151902	1.763425,0.155851,0.025584	1.883598,0.348093,0.071719	1.905461,0.592483,0.158349	12
1.789516,0.019311,0.184260	1.760143,0.013356,0.083741	0.000000,0.000000,0.000000	1.737668,0.010435,0.015879	1.672808,0.002004,-0.179969	1.610913,-0.002171,-0.335055	1.755633,-0.131475,0.031673	1.832429,-0.348922,0.049600	1.851592,-0.587239,0.152298	1.763225,0.155883,0.025570	1.883345,0.348091,0.071721	1.905256,0.592310,0.158819	12
1.789545,0.019342,0.184350	1.760143,0.013356,0.083537	0.000000,0.000000,0.000000	1.737658,0.010369,0.015681	1.672758,0.001746,-0.180179	1.610929,-0.002247,-0.335282	1.755628,-0.131463,0.031679	1.832261,-0.348982,0.049585	1.851709,-0.587086,0.152720	1.763132,0.155879,0.025568	1.883127,0.348173,0.071744	1.905047,0.591960,0.160034	12
1.789586,0.019362,0.184489	1.760143,0.013356,0.083423	0.000000,0.000000,0.000000	1.737653,0.010280,0.015573	1.672727,0.001399,-0.180308	1.610971,-0.002266,-0.335426	1.755622,-0.131426,0.031693	1.832181,-0.349010,0.049582	1.851695,-0.586948,0.153087	1.763101,0.155846,0.025578	1.882898,0.348299,0.071781	1.904916,0.591362,0.162009	12
1.789633,0.019375,0.184648	1.760143,0.013356,0.083372	0.000000,0.000000,0.000000	1.737652,0.010183,0.015526	1.672708,0.001019,-0.180383	1.611027,-0.002276,-0.335512	1.755617,-0.131375,0.031712	1.832136,-0.349021,0.049592	1.851681,-0.586501,0.154138	1.763106,0.155796,0.025593	1.882619,0.348470,0.071830	1.904828,0.590672,0.164297	12
1.789678,0.019387,0.184800	1.760143,0.013356,0.083354	0.000000,0.000000,0.000000	1.737652,0.010131,0.015510	1.672694,0.000817,-0.180437	1.611088,-0.002270,-0.335571	1.755612,-0.131318,0.031731	1.832103,-0.349026,0.049608	1.851408,-0.586300,0.154667	1.763123,0.155741,0.025614	1.882255,0.348699,0.071891	1.904427,0.590511,0.165400	12
1.789716,0.019400,0.184933	1.760142,0.013356,0.083351	0.000000,0.000000,0.000000	1.737652,0.010122,0.015508	1.672680,0.000780,-0.180482	1.611145,-0.002251,-0.335613	1.755605,-0.131263,0.031750	1.832063,-0.349025,0.049617	1.850887,-0.586213,0.154956	1.763133,0.155686,0.025635	1.881768,0.348983,0.071969	1.903865,0.590595,0.166020	12
1.789748,0.019415,0.185045	1.760142,0.013356,0.083354	0.000000,0.000000,0.000000	1.737652,0.010136,0.015510	1.672669,0.000833,-0.180520	1.611223,-0.002229,-0.335652	1.755598,-0.131211,0.031767	1.832018,-0.349018,0.049622	1.849793,-0.586206,0.155143	1.763134,0.155635,0.025654	1.881139,0.349331,0.072082	1.903133,0.590814,0.166490	12
1.789773,0.019430,0.185135	1.760142,0.013356,0.083357	0.000000,0.000000,0.000000	1.737652,0.010160,0.015512	1.672659,0.000923,-0.180550	1.611320,-0.002206,-0.335687	1.755590,-0.131164,0.031782	1.831961,-0.349012,0.049626	1.848060,-0.586244,0.155311	1.763132,0.155589,0.025672	1.880414,0.349714,0.072245	1.902451,0.591068,0.166969	12
1.789793,0.019444,0.185206	1.760142,0.013356,0.083360	0.000000,0.000000,0.000000	1.737652,0.010177,0.015514	1.672652,0.000988,-0.180571	1.611397,-0.002192,-0.335703	1.755583,-0.131123,0.031798	1.831886,-0.349010,0.049632	1.845409,-0.586315,0.155502	1.763134,0.155548,0.025689	1.879787,0.350028,0.072426	1.901551,0.591287,0.167455	12
1.789809,0.019458,0.185263	1.760142,0.013356,0.083361	0.000000,0.000000,0.000000	1.737652,0.010190,0.015515	1.672648,0.001037,-0.180586	1.611459,-0.002183,-0.335708	1.755577,-0.131085,0.031811	1.831802,-0.349009,0.049639	1.841639,-0.586421,0.155659	1.763139,0.155511,0.025703	1.878834,0.350520,0.072657	1.900667,0.591714,0.167832	12
1.789822,0.019472,0.185308	1.760141,0.013356,0.083363	0.000000,0.000000,0.000000	1.737652,0.010199,0.015516	1.672645,0.001074,-0.180597	1.611496,-0.002176,-0.335702	1.755569,-0.131051,0.031822	1.831702,-0.349013,0.049647	1.837220,-0.586501,0.155799	1.763144,0.155478,0.025716	1.877912,0.350988,0.072887	1.899735,0.592187,0.168050	12
