joint_position_head	joint_position_neck	joint_position_shoulder	joint_position_spine_top	joint_position_spine_mid	joint_position_spine_bottom	joint_position_left_shoulder	joint_position_left_elbow	joint_position_left_hand	joint_position_right_shoulder	joint_position_right_elbow	joint_position_right_hand	
XYZ order
1.622176,0.001464,0.342127	1.589925,-0.004566,0.237521	0.000000,0.000000,0.000000	1.582740,-0.005822,0.166830	1.562841,-0.009300,-0.028937	1.523232,-0.008263,-0.183142	1.581538,-0.142772,0.171675	1.723078,-0.340057,0.135241	1.690246,-0.412470,0.381153	1.608730,0.130056,0.166599	1.744150,0.332129,0.133304	1.669189,0.449337,0.351132	12
1.622354,0.001460,0.341053	1.590036,-0.004468,0.237142	0.000000,0.000000,0.000000	1.582774,-0.005751,0.166459	1.562693,-0.009297,-0.028986	1.523133,-0.008257,-0.183221	1.581670,-0.142450,0.171000	1.724804,-0.339447,0.135254	1.688758,-0.414703,0.379852	1.608619,0.130085,0.166193	1.744465,0.332373,0.131581	1.669059,0.449311,0.349402	12
1.622745,0.001565,0.339558	1.590155,-0.004366,0.236646	0.000000,0.000000,0.000000	1.582806,-0.005652,0.165971	1.562526,-0.009201,-0.029072	1.523299,-0.008233,-0.183320	1.583120,-0.140810,0.167205	1.726303,-0.338973,0.135274	1.687422,-0.416543,0.378724	1.608414,0.129025,0.163371	1.744205,0.331982,0.129151	1.668918,0.449965,0.346446	12
1.623339,0.001654,0.337718	1.590281,-0.004264,0.236055	0.000000,0.000000,0.000000	1.582855,-0.005551,0.165389	1.562412,-0.009096,-0.029136	1.523583,-0.008193,-0.183326	1.585562,-0.139683,0.164111	1.727630,-0.339523,0.134810	1.686661,-0.416815,0.378023	1.608281,0.128107,0.160573	1.743904,0.331602,0.126124	1.669283,0.449939,0.343456	12
1.624065,0.001707,0.335686	1.590561,-0.004165,0.235401	0.000000,0.000000,0.000000	1.583029,-0.005455,0.164746	1.562359,-0.008995,-0.029158	1.523936,-0.008146,-0.183211	1.589616,-0.138681,0.161104	1.728995,-0.341080,0.133992	1.686212,-0.416007,0.377627	1.608196,0.127241,0.157634	1.743632,0.331191,0.122935	1.669823,0.449453,0.340584	12
1.624738,0.001722,0.333708	1.591007,-0.004066,0.234706	0.000000,0.000000,0.000000	1.583347,-0.005345,0.164065	1.562382,-0.008847,-0.029278	1.524355,-0.008087,-0.183161	1.591784,-0.138450,0.159504	1.729466,-0.342327,0.132586	1.686473,-0.414986,0.376872	1.608562,0.127115,0.155958	1.743740,0.331276,0.119963	1.670090,0.449257,0.337817	12
1.625356,0.001700,0.331807	1.591552,-0.003969,0.233918	0.000000,0.000000,0.000000	1.583761,-0.005246,0.163291	1.562482,-0.008733,-0.029611	1.524784,-0.008049,-0.183270	1.592835,-0.138651,0.158689	1.729756,-0.343014,0.130299	1.687128,-0.413803,0.375199	1.609171,0.127383,0.154959	1.744056,0.331638,0.117507	1.670710,0.448409,0.336111	12
1.625931,0.001657,0.329924	1.592156,-0.003878,0.232950	0.000000,0.000000,0.000000	1.584237,-0.005159,0.162337	1.562633,-0.008654,-0.030292	1.525201,-0.008025,-0.183668	1.593325,-0.139079,0.158231	1.729798,-0.343252,0.126345	1.688287,-0.412222,0.371956	1.609859,0.127864,0.154262	1.744527,0.332148,0.115943	1.671245,0.447715,0.335207	12
1.626259,0.001575,0.327475	1.592767,-0.003796,0.230994	0.000000,0.000000,0.000000	1.584702,-0.005089,0.160398	1.562719,-0.008614,-0.032021	1.525455,-0.008006,-0.185126	1.593541,-0.139903,0.157734	1.729768,-0.343268,0.120516	1.689843,-0.410181,0.366957	1.610251,0.128753,0.153427	1.745148,0.332725,0.114445	1.671835,0.446901,0.334426	12
1.626290,0.001471,0.324667	1.593381,-0.003667,0.228078	0.000000,0.000000,0.000000	1.585134,-0.004991,0.157503	1.562674,-0.008598,-0.034719	1.525443,-0.007973,-0.187613	1.593621,-0.140497,0.156114	1.729666,-0.343162,0.115291	1.691217,-0.408524,0.362385	1.610489,0.129579,0.151568	1.745807,0.333322,0.113683	1.672186,0.446441,0.334110	12
1.626190,0.001363,0.321730	1.593988,-0.003512,0.224424	0.000000,0.000000,0.000000	1.585519,-0.004887,0.153877	1.562474,-0.008626,-0.038074	1.525126,-0.007961,-0.190803	1.593654,-0.140781,0.153302	1.729625,-0.343151,0.112521	1.691990,-0.407819,0.359924	1.610563,0.129735,0.147800	1.746309,0.333385,0.113247	1.672598,0.446201,0.333802	12
1.626168,0.001282,0.319109	1.594597,-0.003314,0.220625	0.000000,0.000000,0.000000	1.585880,-0.004756,0.150109	1.562199,-0.008671,-0.041440	1.524683,-0.007960,-0.194047	1.593706,-0.140659,0.149623	1.729589,-0.343183,0.111989	1.692272,-0.407947,0.359415	1.610585,0.129741,0.143518	1.746532,0.333403,0.113017	1.673020,0.446189,0.333653	12
1.626364,0.001240,0.317116	1.595203,-0.003092,0.217215	0.000000,0.000000,0.000000	1.586236,-0.004608,0.146732	1.561629,-0.008768,-0.046648	1.523676,-0.007959,-0.199105	1.593771,-0.140890,0.147146	1.729735,-0.343371,0.112384	1.692251,-0.408432,0.359705	1.610617,0.129940,0.139984	1.746672,0.333533,0.112937	1.673401,0.446362,0.333631	12
1.626742,0.001228,0.315686	1.595792,-0.002873,0.214275	0.000000,0.000000,0.000000	1.586588,-0.004462,0.143825	1.560975,-0.008883,-0.052183	1.522509,-0.007953,-0.204493	1.593848,-0.141143,0.145267	1.729911,-0.343554,0.113173	1.692003,-0.409304,0.360245	1.610675,0.130390,0.137437	1.746832,0.333801,0.112881	1.673791,0.446608,0.333662	12
1.627316,0.001243,0.314945	1.596382,-0.002655,0.212117	0.000000,0.000000,0.000000	1.586964,-0.004312,0.141696	1.560391,-0.008989,-0.056953	1.521461,-0.007946,-0.209146	1.593971,-0.141226,0.143860	1.730021,-0.343658,0.114123	1.691700,-0.410378,0.360870	1.610758,0.131079,0.136126	1.747033,0.334215,0.112810	1.674183,0.447108,0.333610	12
1.627977,0.001268,0.314518	1.596974,-0.002502,0.210421	0.000000,0.000000,0.000000	1.587356,-0.004208,0.140028	1.559898,-0.009080,-0.060930	1.520606,-0.007941,-0.213049	1.594117,-0.141269,0.142723	1.730058,-0.343705,0.114381	1.691479,-0.411426,0.360814	1.610840,0.131761,0.135406	1.747253,0.334589,0.112605	1.674605,0.447874,0.333271	12
1.628197,0.001257,0.313118	1.597560,-0.002388,0.208962	0.000000,0.000000,0.000000	1.587754,-0.004132,0.138596	1.559489,-0.009158,-0.064243	1.519934,-0.007944,-0.216334	1.594286,-0.141368,0.141896	1.730098,-0.343769,0.114138	1.691153,-0.412668,0.360186	1.610916,0.132394,0.134947	1.747462,0.334926,0.112181	1.675108,0.448829,0.332624	12
1.628193,0.001231,0.311235	1.598135,-0.002294,0.207549	0.000000,0.000000,0.000000	1.588154,-0.004069,0.137209	1.559167,-0.009222,-0.067106	1.519584,-0.007958,-0.219384	1.594465,-0.141342,0.140815	1.730100,-0.343787,0.113591	1.690724,-0.414106,0.359168	1.610988,0.133001,0.134540	1.747673,0.335261,0.111524	1.675700,0.450149,0.331579	12
1.628755,0.001256,0.310088	1.598722,-0.002208,0.206069	0.000000,0.000000,0.000000	1.588647,-0.003992,0.135743	1.559212,-0.009202,-0.069742	1.519857,-0.007969,-0.222372	1.594967,-0.141386,0.139785	1.730174,-0.343969,0.112861	1.690353,-0.415561,0.358000	1.611487,0.133206,0.133417	1.747831,0.335507,0.110404	1.676482,0.451541,0.330060	12
1.629563,0.001299,0.309329	1.599323,-0.002150,0.204714	0.000000,0.000000,0.000000	1.589238,-0.003923,0.134389	1.559641,-0.009128,-0.072032	1.520741,-0.007993,-0.225106	1.595600,-0.141441,0.138835	1.730238,-0.344175,0.112076	1.690709,-0.415918,0.357219	1.612150,0.132823,0.131412	1.747750,0.335379,0.108443	1.678038,0.451757,0.328441	12
1.630468,0.001341,0.308616	1.599941,-0.002117,0.203419	0.000000,0.000000,0.000000	1.589858,-0.003875,0.133093	1.560466,-0.009002,-0.071934	1.522393,-0.008039,-0.225494	1.596423,-0.141407,0.137643	1.730231,-0.344320,0.110833	1.691388,-0.415762,0.356173	1.613712,0.132718,0.130140	1.747902,0.335583,0.105044	1.679261,0.450278,0.326253	12
1.631430,0.001394,0.307918	1.600558,-0.002096,0.202384	0.000000,0.000000,0.000000	1.590451,-0.003843,0.132061	1.561303,-0.008883,-0.070763	1.524084,-0.008071,-0.224705	1.596829,-0.141235,0.136350	1.729978,-0.344015,0.108963	1.692124,-0.415463,0.354456	1.615884,0.132687,0.129375	1.748092,0.335841,0.100498	1.680413,0.447952,0.323314	12
1.632552,0.001462,0.306857	1.601176,-0.002080,0.201465	0.000000,0.000000,0.000000	1.591023,-0.003821,0.131148	1.562052,-0.008788,-0.069504	1.525609,-0.008094,-0.223695	1.597012,-0.141015,0.135019	1.729590,-0.343463,0.106879	1.692821,-0.415167,0.352462	1.618476,0.132678,0.128846	1.748277,0.336095,0.095546	1.681770,0.445475,0.320066	12
1.633845,0.001545,0.305112	1.601786,-0.002065,0.200485	0.000000,0.000000,0.000000	1.591556,-0.003806,0.130179	1.562638,-0.008728,-0.068571	1.526930,-0.008108,-0.222912	1.597091,-0.140778,0.133549	1.729200,-0.342868,0.104329	1.693500,-0.414709,0.350029	1.619740,0.132882,0.128301	1.748218,0.335974,0.091082	1.683077,0.443602,0.316858	12
1.635059,0.001615,0.302870	1.602387,-0.002048,0.199445	0.000000,0.000000,0.000000	1.592053,-0.003795,0.129155	1.563074,-0.008692,-0.067968	1.528014,-0.008117,-0.222382	1.597124,-0.140547,0.131997	1.728830,-0.342311,0.101196	1.694207,-0.414043,0.347084	1.620230,0.133213,0.127714	1.748119,0.335795,0.087576	1.684033,0.442529,0.314087	12
1.635926,0.001655,0.300482	1.602968,-0.002032,0.198377	0.000000,0.000000,0.000000	1.592520,-0.003786,0.128104	1.563420,-0.008674,-0.067615	1.528723,-0.008125,-0.222022	1.597133,-0.140254,0.130240	1.728575,-0.341932,0.099311	1.694634,-0.413814,0.345250	1.620315,0.133612,0.127084	1.748163,0.335813,0.086040	1.684218,0.442728,0.312508	12
1.636525,0.001662,0.298171	1.603540,-0.002015,0.197281	0.000000,0.000000,0.000000	1.592978,-0.003780,0.127025	1.563740,-0.008665,-0.067438	1.529216,-0.008135,-0.221814	1.597141,-0.139894,0.128236	1.728312,-0.341536,0.097034	1.695081,-0.413531,0.343036	1.620247,0.134040,0.126367	1.748313,0.335960,0.085458	1.683867,0.443784,0.311346	12
1.636750,0.001648,0.296166	1.604121,-0.001996,0.196177	0.000000,0.000000,0.000000	1.593446,-0.003772,0.125939	1.563714,-0.008718,-0.069663	1.529025,-0.008142,-0.223969	1.597145,-0.139670,0.126461	1.728104,-0.341198,0.094572	1.695465,-0.413368,0.340602	1.620281,0.134451,0.125579	1.748553,0.336208,0.085256	1.683153,0.445416,0.310197	12
1.636791,0.001626,0.294412	1.604700,-0.001976,0.195021	0.000000,0.000000,0.000000	1.593911,-0.003763,0.124801	1.563534,-0.008796,-0.072874	1.528510,-0.008145,-0.227123	1.597155,-0.139439,0.124633	1.727855,-0.340778,0.091364	1.695829,-0.413149,0.337416	1.620291,0.134760,0.124538	1.748799,0.336408,0.085128	1.682481,0.447088,0.309078	12
