joint_position_head	joint_position_neck	joint_position_shoulder	joint_position_spine_top	joint_position_spine_mid	joint_position_spine_bottom	joint_position_left_shoulder	joint_position_left_elbow	joint_position_left_hand	joint_position_right_shoulder	joint_position_right_elbow	joint_position_right_hand	
XYZ order
1.627854,0.036931,0.359000	1.624662,0.043669,0.262872	0.000000,0.000000,0.000000	1.626049,0.041427,0.192802	1.629965,0.035096,-0.005120	1.587892,0.036178,-0.163895	1.636353,-0.102042,0.188826	1.706901,-0.322187,0.211225	1.663654,-0.563962,0.279234	1.634640,0.188157,0.186226	1.700171,0.409748,0.209586	1.707472,0.660612,0.253911	12
1.627778,0.036998,0.359065	1.624662,0.043657,0.262872	0.000000,0.000000,0.000000	1.626049,0.041418,0.192801	1.629966,0.035094,-0.005180	1.587878,0.036162,-0.163950	1.636399,-0.102168,0.188763	1.706545,-0.322376,0.211222	1.663558,-0.564253,0.279166	1.634647,0.188271,0.186178	1.700158,0.409798,0.209644	1.707468,0.660681,0.254061	12
1.627733,0.037059,0.359122	1.624662,0.043644,0.262872	0.000000,0.000000,0.000000	1.626049,0.041409,0.192800	1.629968,0.035092,-0.005237	1.587865,0.036148,-0.164003	1.636449,-0.102282,0.188705	1.706176,-0.322583,0.211233	1.663467,-0.564570,0.279066	1.634655,0.188361,0.186118	1.700161,0.409842,0.209713	1.707477,0.660739,0.254215	12
1.627712,0.037129,0.359171	1.624662,0.043631,0.262872	0.000000,0.000000,0.000000	1.626049,0.041399,0.192800	1.629969,0.035090,-0.005288	1.587853,0.036136,-0.164050	1.636520,-0.102384,0.188654	1.705835,-0.322787,0.211250	1.663351,-0.564876,0.278947	1.634661,0.188436,0.186057	1.700174,0.409881,0.209785	1.707479,0.660787,0.254366	12
1.627700,0.037208,0.359212	1.624662,0.043617,0.262872	0.000000,0.000000,0.000000	1.626049,0.041389,0.192800	1.629969,0.035088,-0.005331	1.587842,0.036126,-0.164090	1.636556,-0.102477,0.188607	1.705492,-0.322973,0.211261	1.663184,-0.565164,0.278771	1.634667,0.188499,0.185999	1.700197,0.409908,0.209821	1.707479,0.660810,0.254533	12
1.627693,0.037300,0.359245	1.624662,0.043604,0.262872	0.000000,0.000000,0.000000	1.626049,0.041379,0.192799	1.629970,0.035087,-0.005368	1.587834,0.036117,-0.164124	1.636571,-0.102563,0.188564	1.705180,-0.323130,0.211268	1.662919,-0.565410,0.278546	1.634673,0.188553,0.185946	1.700223,0.409923,0.209847	1.707481,0.660809,0.254735	12
1.627689,0.037397,0.359272	1.624662,0.043590,0.262872	0.000000,0.000000,0.000000	1.626049,0.041369,0.192799	1.629971,0.035086,-0.005397	1.587827,0.036110,-0.164151	1.636574,-0.102641,0.188524	1.705105,-0.323198,0.211259	1.662538,-0.565505,0.278288	1.634677,0.188600,0.185898	1.700248,0.409925,0.209866	1.707484,0.660789,0.254948	12
1.627687,0.037507,0.359294	1.624662,0.043578,0.262872	0.000000,0.000000,0.000000	1.626049,0.041360,0.192799	1.629971,0.035084,-0.005421	1.587821,0.036107,-0.164173	1.636576,-0.102712,0.188488	1.705094,-0.323235,0.211242	1.662068,-0.565527,0.278066	1.634681,0.188646,0.185863	1.700270,0.409924,0.209882	1.707489,0.660777,0.255082	12
1.627678,0.037618,0.359312	1.624662,0.043564,0.262872	0.000000,0.000000,0.000000	1.626049,0.041349,0.192798	1.629972,0.035084,-0.005441	1.587816,0.036105,-0.164191	1.636578,-0.102779,0.188454	1.705099,-0.323255,0.211222	1.661543,-0.565499,0.277902	1.634685,0.188689,0.185836	1.700293,0.409911,0.209899	1.707494,0.660760,0.255169	12
1.627665,0.037759,0.359327	1.624662,0.043550,0.262872	0.000000,0.000000,0.000000	1.626049,0.041339,0.192798	1.629972,0.035083,-0.005458	1.587813,0.036104,-0.164207	1.636581,-0.102841,0.188423	1.705109,-0.323282,0.211201	1.660960,-0.565451,0.277789	1.634688,0.188729,0.185814	1.700292,0.409917,0.209913	1.707500,0.660767,0.255206	12
1.627648,0.037925,0.359339	1.624662,0.043537,0.262872	0.000000,0.000000,0.000000	1.626049,0.041330,0.192798	1.629972,0.035083,-0.005473	1.587809,0.036104,-0.164221	1.636585,-0.102899,0.188394	1.705124,-0.323324,0.211178	1.660378,-0.565385,0.277779	1.634690,0.188765,0.185795	1.700283,0.409943,0.209926	1.707505,0.660796,0.255227	12
1.627627,0.038094,0.359350	1.624662,0.043520,0.262872	0.000000,0.000000,0.000000	1.626049,0.041317,0.192798	1.629972,0.035083,-0.005486	1.587806,0.036104,-0.164234	1.636589,-0.102956,0.188365	1.705142,-0.323376,0.211159	1.659788,-0.565282,0.277929	1.634692,0.188796,0.185780	1.700284,0.409969,0.209946	1.707508,0.660828,0.255241	12
1.627606,0.038257,0.359358	1.624662,0.043496,0.262872	0.000000,0.000000,0.000000	1.626049,0.041299,0.192798	1.629973,0.035082,-0.005498	1.587803,0.036104,-0.164245	1.636594,-0.103016,0.188334	1.705160,-0.323438,0.211141	1.659431,-0.565269,0.277940	1.634693,0.188819,0.185768	1.700290,0.409995,0.209966	1.707510,0.660857,0.255259	12
1.627584,0.038433,0.359365	1.624662,0.043470,0.262872	0.000000,0.000000,0.000000	1.626049,0.041280,0.192797	1.629973,0.035082,-0.005508	1.587800,0.036104,-0.164255	1.636598,-0.103077,0.188304	1.705190,-0.323509,0.211119	1.659126,-0.565297,0.277852	1.634695,0.188837,0.185758	1.700293,0.410028,0.209984	1.707513,0.660891,0.255281	12
1.627561,0.038602,0.359370	1.624662,0.043438,0.262872	0.000000,0.000000,0.000000	1.626049,0.041256,0.192797	1.629973,0.035082,-0.005516	1.587798,0.036105,-0.164263	1.636603,-0.103140,0.188272	1.705235,-0.323577,0.211100	1.658825,-0.565326,0.277743	1.634696,0.188849,0.185751	1.700312,0.410051,0.210007	1.707514,0.660917,0.255306	12
1.627540,0.038856,0.359376	1.624662,0.043406,0.262872	0.000000,0.000000,0.000000	1.626049,0.041233,0.192797	1.629973,0.035082,-0.005523	1.587796,0.036105,-0.164269	1.636608,-0.103202,0.188241	1.705282,-0.323637,0.211073	1.658649,-0.565413,0.277468	1.634696,0.188860,0.185745	1.700340,0.410063,0.210031	1.707515,0.660929,0.255340	12
1.627519,0.039149,0.359383	1.624662,0.043370,0.262872	0.000000,0.000000,0.000000	1.626049,0.041206,0.192797	1.629973,0.035081,-0.005528	1.587795,0.036105,-0.164275	1.636614,-0.103265,0.188209	1.705327,-0.323687,0.211040	1.658554,-0.565555,0.277003	1.634697,0.188868,0.185740	1.700374,0.410055,0.210057	1.707517,0.660919,0.255396	12
1.627506,0.039604,0.359391	1.624662,0.043336,0.262872	0.000000,0.000000,0.000000	1.626049,0.041181,0.192796	1.629974,0.035082,-0.005532	1.587793,0.036105,-0.164280	1.636619,-0.103328,0.188177	1.705371,-0.323733,0.211011	1.658483,-0.565727,0.276433	1.634698,0.188875,0.185736	1.700398,0.410048,0.210090	1.707517,0.660916,0.255412	12
1.627498,0.040117,0.359398	1.624662,0.043298,0.262872	0.000000,0.000000,0.000000	1.626049,0.041153,0.192796	1.629974,0.035082,-0.005536	1.587793,0.036105,-0.164284	1.636624,-0.103392,0.188145	1.705436,-0.323777,0.210968	1.658416,-0.565880,0.275891	1.634699,0.188880,0.185734	1.700420,0.410042,0.210099	1.707513,0.660911,0.255419	12
1.627494,0.040625,0.359401	1.624662,0.043255,0.262872	0.000000,0.000000,0.000000	1.626049,0.041121,0.192795	1.629974,0.035082,-0.005539	1.587792,0.036105,-0.164288	1.636629,-0.103460,0.188111	1.705515,-0.323822,0.210907	1.658472,-0.566042,0.275378	1.634699,0.188880,0.185733	1.700439,0.410035,0.210091	1.707509,0.660904,0.255421	12
1.627492,0.040968,0.359398	1.624662,0.043211,0.262872	0.000000,0.000000,0.000000	1.626049,0.041089,0.192795	1.629974,0.035082,-0.005542	1.587791,0.036105,-0.164291	1.636635,-0.103530,0.188076	1.705594,-0.323871,0.210831	1.658601,-0.566148,0.275128	1.634699,0.188880,0.185733	1.700462,0.410027,0.210076	1.707502,0.660897,0.255415	12
1.627491,0.041139,0.359391	1.624662,0.043165,0.262872	0.000000,0.000000,0.000000	1.626049,0.041055,0.192794	1.629974,0.035083,-0.005544	1.587790,0.036105,-0.164294	1.636641,-0.103600,0.188040	1.705635,-0.323935,0.210753	1.658803,-0.566266,0.274967	1.634699,0.188878,0.185734	1.700488,0.410020,0.210060	1.707494,0.660889,0.255407	12
1.627491,0.041199,0.359383	1.624662,0.043117,0.262872	0.000000,0.000000,0.000000	1.626049,0.041020,0.192794	1.629974,0.035084,-0.005547	1.587789,0.036105,-0.164297	1.636646,-0.103673,0.188003	1.705655,-0.324005,0.210661	1.659055,-0.566396,0.274818	1.634699,0.188875,0.185735	1.700504,0.410009,0.210044	1.707489,0.660877,0.255405	12
1.627491,0.041204,0.359376	1.624662,0.043067,0.262871	0.000000,0.000000,0.000000	1.626049,0.040983,0.192793	1.629974,0.035085,-0.005549	1.587788,0.036105,-0.164300	1.636652,-0.103748,0.187965	1.705666,-0.324071,0.210563	1.659317,-0.566519,0.274686	1.634699,0.188872,0.185736	1.700517,0.409991,0.210028	1.707485,0.660857,0.255402	12
1.627491,0.041189,0.359370	1.624662,0.043020,0.262871	0.000000,0.000000,0.000000	1.626049,0.040948,0.192792	1.629974,0.035087,-0.005551	1.587788,0.036105,-0.164302	1.636658,-0.103822,0.187928	1.705671,-0.324131,0.210468	1.659593,-0.566641,0.274555	1.634698,0.188869,0.185737	1.700525,0.409968,0.210012	1.707482,0.660832,0.255399	12
1.627491,0.041167,0.359365	1.624662,0.042970,0.262870	0.000000,0.000000,0.000000	1.626049,0.040912,0.192791	1.629974,0.035089,-0.005553	1.587787,0.036105,-0.164304	1.636664,-0.103897,0.187890	1.705673,-0.324190,0.210313	1.659831,-0.566712,0.274521	1.634698,0.188866,0.185738	1.700536,0.409935,0.209995	1.707484,0.660798,0.255387	12
1.627491,0.041144,0.359361	1.624662,0.042920,0.262870	0.000000,0.000000,0.000000	1.626049,0.040876,0.192790	1.629974,0.035090,-0.005555	1.587787,0.036105,-0.164307	1.636670,-0.103973,0.187852	1.705674,-0.324243,0.210077	1.660058,-0.566745,0.274525	1.634698,0.188863,0.185739	1.700552,0.409884,0.209981	1.707488,0.660748,0.255370	12
1.627491,0.041123,0.359358	1.624662,0.042867,0.262870	0.000000,0.000000,0.000000	1.626049,0.040837,0.192790	1.629974,0.035092,-0.005557	1.587786,0.036105,-0.164309	1.636677,-0.104051,0.187812	1.705677,-0.324301,0.209797	1.660295,-0.566765,0.274553	1.634698,0.188858,0.185741	1.700553,0.409835,0.209963	1.707497,0.660699,0.255352	12
1.627491,0.041104,0.359355	1.624662,0.042814,0.262869	0.000000,0.000000,0.000000	1.626049,0.040799,0.192789	1.629974,0.035094,-0.005559	1.587786,0.036106,-0.164311	1.636683,-0.104130,0.187772	1.705677,-0.324367,0.209485	1.660528,-0.566771,0.274623	1.634697,0.188854,0.185742	1.700551,0.409793,0.209929	1.707509,0.660654,0.255336	12
1.627491,0.041087,0.359353	1.624662,0.042761,0.262869	0.000000,0.000000,0.000000	1.626049,0.040760,0.192788	1.629974,0.035096,-0.005561	1.587785,0.036106,-0.164313	1.636689,-0.104210,0.187732	1.705679,-0.324445,0.209107	1.660745,-0.566756,0.274740	1.634697,0.188849,0.185744	1.700547,0.409759,0.209877	1.707514,0.660613,0.255321	12
