joint_position_head	joint_position_neck	joint_position_shoulder	joint_position_spine_top	joint_position_spine_mid	joint_position_spine_bottom	joint_position_left_shoulder	joint_position_left_elbow	joint_position_left_hand	joint_position_right_shoulder	joint_position_right_elbow	joint_position_right_hand	
XYZ order
1.646083,0.020372,0.378476	1.616306,0.023814,0.271993	0.000000,0.000000,0.000000	1.614208,0.021944,0.196060	1.608325,0.016701,-0.016920	1.573988,0.014216,-0.180434	1.625203,-0.126713,0.193867	1.657444,-0.375859,0.216744	1.593604,-0.385092,0.485463	1.629599,0.172740,0.191461	1.659481,0.419618,0.233847	1.661787,0.389136,0.508507	12
1.646122,0.020369,0.377872	1.616306,0.023814,0.271755	0.000000,0.000000,0.000000	1.614214,0.021947,0.195822	1.608349,0.016713,-0.017062	1.574131,0.014200,-0.180437	1.625187,-0.126631,0.193437	1.657649,-0.375768,0.216101	1.593338,-0.385329,0.484696	1.629597,0.172743,0.191196	1.659536,0.419554,0.233919	1.662244,0.389118,0.508579	12
1.646144,0.020367,0.377242	1.616306,0.023814,0.271506	0.000000,0.000000,0.000000	1.614220,0.021949,0.195572	1.608373,0.016725,-0.017238	1.574264,0.014194,-0.180533	1.625169,-0.126564,0.193027	1.657871,-0.375694,0.215420	1.593769,-0.385616,0.484052	1.629594,0.172753,0.190936	1.659684,0.419492,0.233964	1.662803,0.389096,0.508622	12
1.646155,0.020366,0.376593	1.616306,0.023814,0.271244	0.000000,0.000000,0.000000	1.614225,0.021952,0.195310	1.608393,0.016736,-0.017438	1.574378,0.014192,-0.180697	1.625148,-0.126507,0.192626	1.658156,-0.375635,0.214578	1.594362,-0.386002,0.483267	1.629590,0.172767,0.190674	1.659890,0.419426,0.234014	1.663637,0.389113,0.508673	12
1.646161,0.020366,0.375928	1.616306,0.023814,0.270969	0.000000,0.000000,0.000000	1.614229,0.021955,0.195035	1.608411,0.016747,-0.017656	1.574472,0.014193,-0.180911	1.625127,-0.126453,0.192228	1.658525,-0.375587,0.213517	1.594646,-0.386629,0.482158	1.629587,0.172783,0.190408	1.660164,0.419350,0.234067	1.664735,0.389151,0.508726	12
1.646135,0.020275,0.375263	1.616306,0.023814,0.270666	0.000000,0.000000,0.000000	1.614231,0.021950,0.194732	1.608422,0.016733,-0.017891	1.574416,0.014179,-0.181130	1.625070,-0.126313,0.191662	1.658921,-0.375444,0.212255	1.594450,-0.387494,0.480710	1.629588,0.172690,0.189945	1.660417,0.419130,0.234144	1.666273,0.389275,0.508814	12
1.646088,0.020139,0.374599	1.616306,0.023814,0.270321	0.000000,0.000000,0.000000	1.614233,0.021942,0.194387	1.608429,0.016703,-0.018145	1.574268,0.014164,-0.181359	1.625000,-0.126131,0.191017	1.659429,-0.375259,0.210662	1.594002,-0.388562,0.478824	1.629593,0.172540,0.189377	1.660712,0.418825,0.234228	1.667892,0.389425,0.508916	12
1.646014,0.019978,0.373905	1.616306,0.023814,0.269880	0.000000,0.000000,0.000000	1.614233,0.021932,0.193947	1.608434,0.016667,-0.018477	1.574081,0.014153,-0.181672	1.624904,-0.125937,0.190308	1.660078,-0.375030,0.209063	1.593752,-0.389857,0.476924	1.629592,0.172369,0.188728	1.661055,0.418468,0.234355	1.669575,0.389590,0.509061	12
1.645887,0.019788,0.372998	1.616306,0.023814,0.269104	0.000000,0.000000,0.000000	1.614231,0.021919,0.193170	1.608430,0.016621,-0.019130	1.573830,0.014142,-0.182311	1.624808,-0.125818,0.189491	1.660836,-0.374842,0.207526	1.593485,-0.391388,0.475030	1.629621,0.172274,0.187972	1.661222,0.418176,0.234556	1.671239,0.389720,0.509255	12
1.645739,0.019576,0.371992	1.616306,0.023814,0.268090	0.000000,0.000000,0.000000	1.614228,0.021905,0.192158	1.608422,0.016572,-0.020009	1.573592,0.014131,-0.183194	1.624710,-0.125765,0.188664	1.661719,-0.374722,0.205599	1.593352,-0.392901,0.472741	1.629664,0.172232,0.187180	1.661299,0.417929,0.234810	1.671928,0.389842,0.509526	12
1.645591,0.019418,0.370891	1.616306,0.023814,0.266844	0.000000,0.000000,0.000000	1.614226,0.021898,0.190912	1.608415,0.016545,-0.021188	1.573342,0.014147,-0.184354	1.624521,-0.125857,0.187929	1.662738,-0.374714,0.203593	1.593745,-0.394069,0.470496	1.629689,0.172206,0.186239	1.661316,0.417666,0.235078	1.671917,0.389944,0.509833	12
1.645461,0.019296,0.369754	1.616306,0.023814,0.265441	0.000000,0.000000,0.000000	1.614226,0.021896,0.189509	1.608414,0.016537,-0.022655	1.573146,0.014188,-0.185784	1.624418,-0.125879,0.186995	1.663872,-0.374593,0.201859	1.594239,-0.395398,0.468487	1.629755,0.172188,0.185242	1.661305,0.417399,0.235362	1.671530,0.389986,0.510162	12
1.645253,0.019175,0.368212	1.616373,0.023576,0.263374	0.000000,0.000000,0.000000	1.614275,0.021716,0.187441	1.608409,0.016514,-0.024898	1.572859,0.014228,-0.187935	1.624398,-0.126366,0.185951	1.665101,-0.374822,0.201718	1.594255,-0.396657,0.467943	1.629834,0.172186,0.184157	1.661334,0.417108,0.235707	1.670979,0.390045,0.510562	12
1.644997,0.019035,0.366420	1.616488,0.023186,0.260764	0.000000,0.000000,0.000000	1.614356,0.021420,0.184829	1.608387,0.016477,-0.027766	1.572470,0.014266,-0.190653	1.624423,-0.127165,0.184813	1.666375,-0.375286,0.202400	1.594011,-0.396923,0.468232	1.629918,0.172250,0.183072	1.661397,0.416868,0.236057	1.670687,0.390101,0.510953	12
1.644771,0.018875,0.364863	1.616619,0.022709,0.258146	0.000000,0.000000,0.000000	1.614450,0.021052,0.182210	1.608367,0.016408,-0.030638	1.572041,0.014270,-0.193338	1.624419,-0.128015,0.183755	1.667655,-0.375801,0.202898	1.593263,-0.396817,0.468216	1.629982,0.172197,0.182074	1.661363,0.416523,0.236450	1.670623,0.390182,0.511388	12
1.644690,0.018681,0.363950	1.616784,0.022205,0.256107	0.000000,0.000000,0.000000	1.614567,0.020662,0.180170	1.608348,0.016331,-0.032877	1.571703,0.014260,-0.195397	1.624434,-0.128675,0.182870	1.668801,-0.376171,0.203196	1.592317,-0.396860,0.467944	1.629996,0.171975,0.181399	1.661302,0.416169,0.236414	1.670648,0.390297,0.511393	12
1.644694,0.018536,0.363413	1.616958,0.021832,0.254456	0.000000,0.000000,0.000000	1.614693,0.020368,0.178519	1.608333,0.016258,-0.034673	1.571465,0.014246,-0.197031	1.624457,-0.129054,0.182004	1.670153,-0.376242,0.203156	1.591138,-0.397168,0.467139	1.629973,0.171802,0.180894	1.661243,0.415952,0.236129	1.670686,0.390292,0.511126	12
1.644773,0.018421,0.363206	1.617138,0.021552,0.253228	0.000000,0.000000,0.000000	1.614824,0.020143,0.177292	1.608327,0.016187,-0.036006	1.571344,0.014232,-0.198229	1.624493,-0.129221,0.181228	1.671456,-0.376126,0.202914	1.589898,-0.397642,0.466074	1.629941,0.171544,0.180363	1.661175,0.415679,0.235679	1.670431,0.390211,0.510699	12
1.645035,0.018339,0.363286	1.617322,0.021321,0.252479	0.000000,0.000000,0.000000	1.614964,0.019942,0.176543	1.608336,0.016065,-0.036831	1.571310,0.014109,-0.198951	1.624569,-0.129267,0.180679	1.672472,-0.375984,0.202449	1.588742,-0.398046,0.464885	1.629973,0.171226,0.179999	1.661094,0.415422,0.235103	1.670306,0.390088,0.510138	12
1.645426,0.018286,0.363520	1.617511,0.021167,0.252101	0.000000,0.000000,0.000000	1.615110,0.019790,0.176166	1.608360,0.015918,-0.037264	1.571328,0.013924,-0.199321	1.624683,-0.129193,0.180318	1.673803,-0.375721,0.201510	1.587546,-0.398247,0.463087	1.630037,0.170899,0.179737	1.661013,0.415184,0.234531	1.670272,0.389889,0.509568	12
1.645856,0.018247,0.363758	1.617696,0.020992,0.251926	0.000000,0.000000,0.000000	1.615254,0.019615,0.175992	1.608392,0.015744,-0.037471	1.571347,0.013697,-0.199483	1.624811,-0.129109,0.179983	1.674401,-0.375618,0.200266	1.586575,-0.398307,0.461312	1.630045,0.170534,0.179527	1.660960,0.414913,0.233929	1.670279,0.389668,0.508968	12
1.646286,0.018214,0.363929	1.617880,0.020786,0.251866	0.000000,0.000000,0.000000	1.615400,0.019417,0.175934	1.608427,0.015566,-0.037535	1.571372,0.013460,-0.199517	1.624933,-0.129047,0.179638	1.674642,-0.375607,0.198974	1.586570,-0.398375,0.459933	1.630037,0.170158,0.179361	1.660923,0.414632,0.233348	1.670308,0.389403,0.508387	12
1.646697,0.018184,0.363979	1.618064,0.020567,0.251841	0.000000,0.000000,0.000000	1.615543,0.019207,0.175910	1.608456,0.015384,-0.037549	1.571403,0.013222,-0.199508	1.625078,-0.129014,0.179258	1.674674,-0.375688,0.197376	1.587151,-0.398232,0.458537	1.630021,0.169780,0.179144	1.660888,0.414333,0.232787	1.670351,0.389134,0.507825	12
1.646993,0.018159,0.363929	1.618241,0.020386,0.251816	0.000000,0.000000,0.000000	1.615680,0.019027,0.175887	1.608479,0.015206,-0.037539	1.571431,0.012991,-0.199479	1.625222,-0.128975,0.178852	1.674612,-0.375785,0.195619	1.588003,-0.397999,0.457109	1.630000,0.169459,0.178875	1.660864,0.414100,0.232117	1.670403,0.388876,0.507150	12
1.647210,0.018137,0.363779	1.618416,0.020225,0.251779	0.000000,0.000000,0.000000	1.615813,0.018861,0.175851	1.608500,0.015028,-0.037512	1.571442,0.012752,-0.199421	1.625308,-0.128951,0.178422	1.674552,-0.375870,0.193979	1.588855,-0.397774,0.455794	1.629979,0.169168,0.178536	1.660844,0.413875,0.231476	1.670453,0.388650,0.506506	12
1.647263,0.018096,0.363589	1.618590,0.020095,0.251748	0.000000,0.000000,0.000000	1.615946,0.018717,0.175822	1.608519,0.014844,-0.037449	1.571464,0.012510,-0.199329	1.625416,-0.128938,0.178022	1.674492,-0.375970,0.192276	1.589664,-0.397542,0.454401	1.629961,0.168931,0.178185	1.660827,0.413588,0.231355	1.670569,0.388335,0.506379	12
1.647277,0.018047,0.363345	1.618764,0.019956,0.251721	0.000000,0.000000,0.000000	1.616078,0.018568,0.175796	1.608539,0.014672,-0.037359	1.571493,0.012283,-0.199214	1.625456,-0.128946,0.177589	1.674469,-0.376007,0.191584	1.590046,-0.397447,0.453851	1.629944,0.168726,0.177867	1.660814,0.413283,0.231489	1.670713,0.388023,0.506506	12
1.647300,0.018011,0.363038	1.618939,0.019876,0.251693	0.000000,0.000000,0.000000	1.616211,0.018465,0.175770	1.608560,0.014508,-0.037248	1.571522,0.012062,-0.199082	1.625472,-0.128928,0.177179	1.674456,-0.375978,0.191453	1.590188,-0.397444,0.453768	1.629934,0.168583,0.177511	1.660805,0.413008,0.231728	1.670867,0.387713,0.506736	12
1.647288,0.017987,0.362736	1.619102,0.019828,0.251672	0.000000,0.000000,0.000000	1.616337,0.018346,0.175752	1.608582,0.014191,-0.037120	1.571552,0.011669,-0.198936	1.625471,-0.128927,0.176863	1.674451,-0.375952,0.191578	1.590260,-0.397462,0.453914	1.629926,0.168479,0.177169	1.660807,0.412813,0.231790	1.670988,0.387036,0.506749	12
1.647257,0.017963,0.362483	1.619319,0.019791,0.251659	0.000000,0.000000,0.000000	1.616500,0.018213,0.175743	1.608600,0.013790,-0.036989	1.571581,0.011182,-0.198791	1.625471,-0.128986,0.176706	1.674457,-0.375984,0.191835	1.590313,-0.397453,0.454188	1.629926,0.168460,0.176989	1.660823,0.412738,0.231856	1.670887,0.386090,0.506735	12
