joint_position_head	joint_position_neck	joint_position_shoulder	joint_position_spine_top	joint_position_spine_mid	joint_position_spine_bottom	joint_position_left_shoulder	joint_position_left_elbow	joint_position_left_hand	joint_position_right_shoulder	joint_position_right_elbow	joint_position_right_hand	
XYZ order
1.640546,0.027989,0.263899	1.642126,0.029754,0.161012	0.000000,0.000000,0.000000	1.637260,0.027816,0.089902	1.624040,0.022549,-0.103284	1.585633,0.019093,-0.262404	1.647300,-0.103917,0.102112	1.654006,-0.340253,0.090419	1.607652,-0.574869,0.139925	1.650785,0.163485,0.102670	1.706806,0.392665,0.121987	1.664338,0.628958,0.166745	12
1.640942,0.027971,0.264133	1.642190,0.029754,0.161014	0.000000,0.000000,0.000000	1.637546,0.027784,0.089889	1.624936,0.022434,-0.103257	1.585649,0.019026,-0.262148	1.647424,-0.104001,0.102292	1.654283,-0.340336,0.090678	1.607761,-0.575026,0.139868	1.651615,0.163584,0.102995	1.707153,0.392849,0.122710	1.664494,0.629320,0.166558	12
1.641424,0.027962,0.264315	1.642251,0.029754,0.161014	0.000000,0.000000,0.000000	1.637831,0.027737,0.089877	1.625828,0.022261,-0.103302	1.585698,0.018949,-0.261939	1.647446,-0.104080,0.102440	1.654621,-0.340411,0.090943	1.607896,-0.575160,0.139793	1.652278,0.163740,0.103425	1.707542,0.393082,0.123028	1.664668,0.629605,0.166549	12
1.641969,0.027977,0.264457	1.642316,0.029754,0.161014	0.000000,0.000000,0.000000	1.638081,0.027698,0.089867	1.626578,0.022113,-0.103389	1.585834,0.018895,-0.261809	1.647530,-0.104142,0.102577	1.654580,-0.340482,0.091174	1.608257,-0.575373,0.139752	1.652768,0.163867,0.103785	1.707940,0.393257,0.123074	1.664886,0.629756,0.166594	12
1.642519,0.027989,0.264568	1.642384,0.029754,0.161014	0.000000,0.000000,0.000000	1.638304,0.027667,0.089858	1.627218,0.021995,-0.103490	1.586052,0.018865,-0.261739	1.647664,-0.104203,0.102735	1.654524,-0.340548,0.091343	1.608591,-0.575543,0.139737	1.653162,0.163955,0.104068	1.708284,0.393390,0.122973	1.665180,0.629842,0.166641	12
1.643063,0.027995,0.264654	1.642453,0.029754,0.161014	0.000000,0.000000,0.000000	1.638509,0.027638,0.089851	1.627787,0.021885,-0.103587	1.586325,0.018849,-0.261704	1.647825,-0.104215,0.102792	1.654447,-0.340541,0.090891	1.609003,-0.575485,0.139963	1.653480,0.163964,0.104157	1.708413,0.393466,0.122790	1.665305,0.629876,0.166658	12
1.643603,0.027996,0.264721	1.642524,0.029754,0.161014	0.000000,0.000000,0.000000	1.638707,0.027618,0.089845	1.628327,0.021810,-0.103669	1.586608,0.018842,-0.261677	1.647996,-0.104204,0.102793	1.654371,-0.340514,0.090427	1.609448,-0.575427,0.140160	1.653764,0.163916,0.104101	1.708428,0.393498,0.122544	1.665296,0.629873,0.166623	12
1.644112,0.027998,0.264771	1.642596,0.029754,0.161014	0.000000,0.000000,0.000000	1.638861,0.027607,0.089841	1.628703,0.021768,-0.103732	1.586899,0.018839,-0.261686	1.648176,-0.104182,0.102761	1.654298,-0.340465,0.089781	1.609934,-0.575293,0.140438	1.653782,0.163907,0.104081	1.708406,0.393523,0.122216	1.665176,0.629847,0.166504	12
1.644621,0.027998,0.264809	1.642668,0.029754,0.161014	0.000000,0.000000,0.000000	1.638972,0.027602,0.089839	1.628917,0.021747,-0.103777	1.587093,0.018839,-0.261703	1.648340,-0.104158,0.102719	1.654234,-0.340434,0.089497	1.610368,-0.575273,0.140526	1.653665,0.163920,0.104077	1.708378,0.393544,0.121833	1.664992,0.629803,0.166294	12
1.644975,0.027998,0.264840	1.642740,0.029754,0.161014	0.000000,0.000000,0.000000	1.639049,0.027600,0.089839	1.629009,0.021739,-0.103807	1.587183,0.018840,-0.261717	1.648496,-0.104137,0.102675	1.654176,-0.340411,0.089319	1.610746,-0.575271,0.140566	1.653571,0.163979,0.104184	1.708353,0.393633,0.121328	1.664717,0.629796,0.165989	12
1.645169,0.027999,0.264866	1.642810,0.029754,0.161014	0.000000,0.000000,0.000000	1.639108,0.027599,0.089839	1.629034,0.021736,-0.103829	1.587209,0.018841,-0.261727	1.648555,-0.104130,0.102656	1.654141,-0.340404,0.089248	1.611048,-0.575293,0.140566	1.653480,0.164055,0.104330	1.708323,0.393746,0.120768	1.664365,0.629782,0.165687	12
1.645281,0.028001,0.264888	1.642879,0.029754,0.161014	0.000000,0.000000,0.000000	1.639158,0.027599,0.089840	1.629030,0.021736,-0.103844	1.587204,0.018841,-0.261734	1.648580,-0.104132,0.102654	1.654102,-0.340407,0.089248	1.611383,-0.575280,0.140525	1.653438,0.164061,0.104320	1.708276,0.393791,0.120222	1.663897,0.629618,0.165330	12
1.645331,0.028002,0.264907	1.642945,0.029754,0.161014	0.000000,0.000000,0.000000	1.639203,0.027599,0.089842	1.629019,0.021736,-0.103855	1.587189,0.018841,-0.261739	1.648583,-0.104138,0.102660	1.654066,-0.340415,0.089285	1.611807,-0.575258,0.140481	1.653388,0.164063,0.104305	1.708189,0.393818,0.119984	1.663492,0.629448,0.165134	12
1.645357,0.028005,0.264922	1.643012,0.029754,0.161014	0.000000,0.000000,0.000000	1.639249,0.027599,0.089843	1.629007,0.021735,-0.103863	1.587172,0.018841,-0.261742	1.648580,-0.104145,0.102671	1.654030,-0.340425,0.089341	1.612472,-0.575309,0.140404	1.653338,0.164068,0.104298	1.708066,0.393844,0.119926	1.663369,0.629367,0.165050	12
1.645377,0.028005,0.264935	1.643078,0.029754,0.161014	0.000000,0.000000,0.000000	1.639296,0.027599,0.089844	1.628999,0.021734,-0.103869	1.587153,0.018842,-0.261743	1.648577,-0.104152,0.102685	1.654014,-0.340435,0.089397	1.613236,-0.575419,0.140325	1.653283,0.164075,0.104296	1.707999,0.393851,0.119955	1.663380,0.629333,0.165024	12
1.645383,0.028005,0.264946	1.643145,0.029754,0.161014	0.000000,0.000000,0.000000	1.639343,0.027599,0.089845	1.628994,0.021733,-0.103873	1.587140,0.018841,-0.261744	1.648573,-0.104155,0.102692	1.654003,-0.340442,0.089455	1.614071,-0.575600,0.140233	1.653231,0.164082,0.104297	1.707948,0.393853,0.120025	1.663476,0.629374,0.165023	12
1.645380,0.028005,0.264955	1.643212,0.029754,0.161014	0.000000,0.000000,0.000000	1.639391,0.027599,0.089846	1.628991,0.021732,-0.103876	1.587130,0.018841,-0.261744	1.648570,-0.104157,0.102695	1.653991,-0.340446,0.089506	1.614846,-0.575818,0.140145	1.653183,0.164089,0.104299	1.707902,0.393854,0.120109	1.663611,0.629474,0.165034	12
1.645372,0.028005,0.264963	1.643281,0.029754,0.161014	0.000000,0.000000,0.000000	1.639441,0.027598,0.089847	1.628989,0.021730,-0.103878	1.587122,0.018841,-0.261743	1.648569,-0.104157,0.102696	1.653973,-0.340445,0.089471	1.615829,-0.576097,0.140081	1.653165,0.164095,0.104303	1.707861,0.393863,0.120148	1.663739,0.629621,0.165088	12
1.645362,0.028005,0.264969	1.643352,0.029754,0.161014	0.000000,0.000000,0.000000	1.639493,0.027598,0.089848	1.628988,0.021729,-0.103878	1.587115,0.018841,-0.261742	1.648569,-0.104157,0.102696	1.653954,-0.340441,0.089395	1.616712,-0.576305,0.140112	1.653157,0.164099,0.104305	1.707854,0.393865,0.120166	1.663819,0.629715,0.165185	12
1.645353,0.028005,0.264974	1.643422,0.029754,0.161014	0.000000,0.000000,0.000000	1.639544,0.027598,0.089849	1.628987,0.021729,-0.103877	1.587109,0.018841,-0.261741	1.648568,-0.104157,0.102696	1.653948,-0.340437,0.089313	1.616795,-0.576344,0.140148	1.653154,0.164094,0.104288	1.707856,0.393858,0.120172	1.663843,0.629741,0.165322	12
1.645344,0.028006,0.264979	1.643489,0.029754,0.161014	0.000000,0.000000,0.000000	1.639593,0.027598,0.089850	1.628986,0.021728,-0.103876	1.587102,0.018841,-0.261739	1.648568,-0.104157,0.102695	1.653946,-0.340436,0.089300	1.616439,-0.576295,0.140135	1.653154,0.164085,0.104262	1.707909,0.393833,0.120191	1.663836,0.629693,0.165443	12
1.645550,0.027978,0.264978	1.643556,0.029754,0.161014	0.000000,0.000000,0.000000	1.639547,0.027599,0.089856	1.628632,0.021731,-0.103891	1.586974,0.018844,-0.261793	1.648498,-0.104121,0.102619	1.653963,-0.340405,0.089348	1.615771,-0.576129,0.140072	1.653107,0.164045,0.104166	1.707925,0.393771,0.120205	1.663873,0.629595,0.165415	12
1.645874,0.027972,0.263852	1.643623,0.029754,0.161014	0.000000,0.000000,0.000000	1.639441,0.027601,0.089866	1.628049,0.021736,-0.103940	1.586753,0.018847,-0.261887	1.648394,-0.104084,0.102559	1.653991,-0.340372,0.089417	1.614941,-0.575855,0.140020	1.653042,0.163984,0.104042	1.707929,0.393684,0.120220	1.663938,0.629422,0.165281	12
1.646249,0.027975,0.262343	1.643698,0.029754,0.161014	0.000000,0.000000,0.000000	1.639314,0.027604,0.089878	1.627364,0.021744,-0.104033	1.586492,0.018851,-0.262010	1.648347,-0.104041,0.102516	1.654002,-0.340333,0.089485	1.614061,-0.575488,0.139957	1.653040,0.163904,0.103906	1.707915,0.393595,0.120233	1.663991,0.629177,0.165097	12
1.646523,0.027980,0.260856	1.643773,0.029754,0.161014	0.000000,0.000000,0.000000	1.639177,0.027608,0.089892	1.626638,0.021751,-0.104162	1.586208,0.018855,-0.262149	1.648322,-0.104004,0.102497	1.654004,-0.340301,0.089546	1.613281,-0.575083,0.139866	1.653039,0.163822,0.103778	1.707890,0.393510,0.120237	1.664041,0.628875,0.164890	12
1.646683,0.027989,0.259562	1.643848,0.029754,0.161014	0.000000,0.000000,0.000000	1.639045,0.027610,0.089905	1.625927,0.021756,-0.104296	1.585909,0.018857,-0.262269	1.648307,-0.103971,0.102488	1.654000,-0.340271,0.089607	1.612320,-0.574622,0.139717	1.653039,0.163732,0.103629	1.707848,0.393419,0.120230	1.664061,0.628525,0.164691	12
1.646779,0.028002,0.258507	1.643925,0.029754,0.161014	0.000000,0.000000,0.000000	1.638922,0.027613,0.089919	1.625247,0.021759,-0.104415	1.585657,0.018857,-0.262368	1.648302,-0.103937,0.102475	1.653991,-0.340238,0.089627	1.612036,-0.574392,0.139439	1.653036,0.163644,0.103485	1.707796,0.393334,0.120210	1.664016,0.628261,0.164503	12
1.646843,0.028014,0.257673	1.644004,0.029754,0.161014	0.000000,0.000000,0.000000	1.638805,0.027615,0.089933	1.624583,0.021763,-0.104512	1.585277,0.018859,-0.262408	1.648302,-0.103903,0.102462	1.653981,-0.340204,0.089593	1.612039,-0.574256,0.139175	1.653031,0.163547,0.103318	1.707738,0.393241,0.120171	1.663871,0.628016,0.164372	12
1.646871,0.028025,0.257023	1.644083,0.029754,0.161014	0.000000,0.000000,0.000000	1.638690,0.027617,0.089947	1.623927,0.021767,-0.104588	1.584824,0.018862,-0.262412	1.648303,-0.103870,0.102445	1.653962,-0.340169,0.089541	1.612236,-0.574176,0.138929	1.653026,0.163446,0.103136	1.707667,0.393146,0.120117	1.663594,0.627755,0.164333	12
1.646889,0.028034,0.256518	1.644163,0.029754,0.161014	0.000000,0.000000,0.000000	1.638577,0.027619,0.089962	1.623275,0.021772,-0.104646	1.584344,0.018865,-0.262397	1.648304,-0.103832,0.102422	1.653955,-0.340129,0.089461	1.612047,-0.575869,0.139048	1.653020,0.163332,0.102929	1.707589,0.393038,0.120057	1.662896,0.629258,0.164685	12
