joint_position_head	joint_position_neck	joint_position_shoulder	joint_position_spine_top	joint_position_spine_mid	joint_position_spine_bottom	joint_position_left_shoulder	joint_position_left_elbow	joint_position_left_hand	joint_position_right_shoulder	joint_position_right_elbow	joint_position_right_hand	
XYZ order
1.848195,0.034581,0.178676	1.804443,0.032342,0.080812	0.000000,0.000000,0.000000	1.769326,0.029150,0.016315	1.664468,0.019616,-0.176271	1.568506,0.015293,-0.317207	1.790614,-0.122123,0.024272	1.832882,-0.358270,0.069002	1.822173,-0.346056,0.335845	1.800901,0.183065,0.013597	1.849019,0.418531,0.055940	1.858794,0.482584,0.315307	12
1.848218,0.034581,0.178666	1.804443,0.032342,0.080812	0.000000,0.000000,0.000000	1.769343,0.029143,0.016307	1.664533,0.019592,-0.176306	1.568508,0.015248,-0.317250	1.790667,-0.122187,0.024247	1.832704,-0.358367,0.069023	1.822140,-0.346178,0.335873	1.800860,0.183100,0.013525	1.848971,0.418515,0.056157	1.858637,0.482663,0.315504	12
1.848239,0.034582,0.178657	1.804443,0.032341,0.080812	0.000000,0.000000,0.000000	1.769359,0.029139,0.016298	1.664598,0.019576,-0.176340	1.568511,0.015216,-0.317296	1.790681,-0.122242,0.024223	1.832531,-0.358446,0.069043	1.822156,-0.346322,0.335904	1.800842,0.183144,0.013484	1.848843,0.418547,0.056305	1.858604,0.482707,0.315645	12
1.848265,0.034582,0.178646	1.804443,0.032341,0.080813	0.000000,0.000000,0.000000	1.769375,0.029136,0.016290	1.664664,0.019568,-0.176375	1.568517,0.015197,-0.317344	1.790686,-0.122291,0.024203	1.832327,-0.358524,0.069064	1.822234,-0.346505,0.335941	1.800841,0.183190,0.013460	1.848683,0.418606,0.056388	1.858641,0.482753,0.315725	12
1.848303,0.034584,0.178629	1.804443,0.032341,0.080813	0.000000,0.000000,0.000000	1.769392,0.029135,0.016281	1.664729,0.019564,-0.176410	1.568522,0.015185,-0.317392	1.790690,-0.122336,0.024186	1.832061,-0.358613,0.069067	1.822362,-0.346713,0.335963	1.800851,0.183230,0.013434	1.848616,0.418688,0.056219	1.858665,0.482724,0.315579	12
1.848335,0.034585,0.178615	1.804443,0.032341,0.080813	0.000000,0.000000,0.000000	1.769408,0.029134,0.016273	1.664793,0.019561,-0.176444	1.568527,0.015175,-0.317440	1.790687,-0.122376,0.024171	1.831811,-0.358701,0.069024	1.822491,-0.346918,0.335939	1.800857,0.183265,0.013407	1.848405,0.418815,0.055922	1.858705,0.482559,0.315345	12
1.848360,0.034586,0.178603	1.804443,0.032341,0.080813	0.000000,0.000000,0.000000	1.769422,0.029134,0.016265	1.664850,0.019560,-0.176475	1.568528,0.015167,-0.317485	1.790682,-0.122412,0.024157	1.831374,-0.358873,0.068691	1.822700,-0.347074,0.335626	1.800859,0.183295,0.013378	1.848152,0.418916,0.055788	1.858747,0.482363,0.315271	12
1.848379,0.034586,0.178595	1.804443,0.032340,0.080813	0.000000,0.000000,0.000000	1.769432,0.029134,0.016259	1.664890,0.019559,-0.176497	1.568524,0.015161,-0.317525	1.790677,-0.122446,0.024145	1.830823,-0.359097,0.068151	1.822969,-0.347240,0.335110	1.800860,0.183322,0.013350	1.847864,0.419003,0.055749	1.858787,0.482115,0.315300	12
1.848395,0.034587,0.178587	1.804443,0.032340,0.080813	0.000000,0.000000,0.000000	1.769442,0.029133,0.016254	1.664930,0.019558,-0.176519	1.568520,0.015156,-0.317562	1.790673,-0.122477,0.024133	1.830155,-0.359348,0.067554	1.823300,-0.347264,0.334530	1.800860,0.183346,0.013323	1.847777,0.419038,0.055760	1.858741,0.481845,0.315384	12
1.848405,0.034587,0.178583	1.804443,0.032340,0.080813	0.000000,0.000000,0.000000	1.769462,0.029133,0.016243	1.665008,0.019556,-0.176561	1.568695,0.015148,-0.317681	1.790669,-0.122505,0.024122	1.829949,-0.359451,0.067323	1.823406,-0.347275,0.334303	1.800860,0.183371,0.013307	1.847780,0.419059,0.055762	1.858709,0.481773,0.315410	12
1.848411,0.034587,0.178580	1.804443,0.032340,0.080813	0.000000,0.000000,0.000000	1.769487,0.029132,0.016230	1.665108,0.019553,-0.176615	1.568989,0.015139,-0.317831	1.790667,-0.122530,0.024112	1.830065,-0.359445,0.067381	1.823352,-0.347291,0.334358	1.800859,0.183395,0.013294	1.847782,0.419077,0.055776	1.858696,0.481748,0.315435	12
1.848414,0.034587,0.178579	1.804443,0.032339,0.080813	0.000000,0.000000,0.000000	1.769513,0.029131,0.016216	1.665212,0.019551,-0.176671	1.569332,0.015130,-0.317968	1.790664,-0.122553,0.024103	1.830293,-0.359395,0.067559	1.823221,-0.347303,0.334529	1.800859,0.183417,0.013284	1.847779,0.419095,0.055794	1.858694,0.481755,0.315455	12
1.848417,0.034587,0.178578	1.804443,0.032339,0.080813	0.000000,0.000000,0.000000	1.769530,0.029130,0.016206	1.665280,0.019549,-0.176708	1.569599,0.015123,-0.318036	1.790663,-0.122574,0.024095	1.830642,-0.359349,0.067588	1.823009,-0.347316,0.334545	1.800858,0.183438,0.013276	1.847761,0.419115,0.055807	1.858709,0.481803,0.315459	12
1.848419,0.034587,0.178577	1.804443,0.032339,0.080813	0.000000,0.000000,0.000000	1.769542,0.029130,0.016200	1.665327,0.019547,-0.176733	1.569818,0.015117,-0.318064	1.790661,-0.122593,0.024087	1.831105,-0.359300,0.067517	1.822722,-0.347339,0.334455	1.800858,0.183452,0.013259	1.847752,0.419127,0.055812	1.858725,0.481887,0.315446	12
1.848420,0.034587,0.178576	1.804443,0.032339,0.080813	0.000000,0.000000,0.000000	1.769548,0.029129,0.016197	1.665352,0.019547,-0.176746	1.569973,0.015110,-0.318054	1.790664,-0.122553,0.023923	1.831681,-0.359158,0.067376	1.822363,-0.347417,0.334292	1.800857,0.183462,0.013235	1.847743,0.419134,0.055814	1.858745,0.482019,0.315416	12
1.848420,0.034587,0.178576	1.804443,0.032339,0.080813	0.000000,0.000000,0.000000	1.769550,0.029129,0.016195	1.665361,0.019546,-0.176752	1.570074,0.015104,-0.318021	1.790692,-0.122241,0.023027	1.832258,-0.358608,0.067241	1.821964,-0.347684,0.334155	1.800857,0.183470,0.013209	1.847734,0.419139,0.055813	1.858764,0.482184,0.315376	12
1.848420,0.034587,0.178576	1.804443,0.032338,0.080813	0.000000,0.000000,0.000000	1.769551,0.029129,0.016195	1.665364,0.019546,-0.176753	1.570145,0.015098,-0.317981	1.790748,-0.121623,0.021354	1.832709,-0.357627,0.067098	1.821603,-0.348152,0.334034	1.800856,0.183476,0.013181	1.847721,0.419141,0.055820	1.858787,0.482412,0.315327	12
1.848420,0.034587,0.178576	1.804443,0.032338,0.080813	0.000000,0.000000,0.000000	1.769553,0.029129,0.016194	1.665372,0.019546,-0.176758	1.570194,0.015091,-0.317941	1.790776,-0.121331,0.020538	1.833226,-0.357126,0.066914	1.821182,-0.348415,0.333837	1.800856,0.183482,0.013153	1.847707,0.419142,0.055832	1.858819,0.482726,0.315260	12
1.848420,0.034587,0.178576	1.804443,0.032338,0.080813	0.000000,0.000000,0.000000	1.769555,0.029129,0.016193	1.665380,0.019546,-0.176762	1.570224,0.015084,-0.317903	1.790796,-0.121187,0.020116	1.833913,-0.356794,0.066840	1.820607,-0.348601,0.333720	1.800855,0.183487,0.013125	1.847712,0.419139,0.055848	1.858847,0.482857,0.315242	12
1.848420,0.034587,0.178576	1.804443,0.032338,0.080813	0.000000,0.000000,0.000000	1.769556,0.029129,0.016192	1.665384,0.019546,-0.176764	1.570241,0.015076,-0.317871	1.790804,-0.121132,0.019928	1.834660,-0.356568,0.066822	1.819944,-0.348736,0.333639	1.800854,0.183492,0.013099	1.847714,0.419136,0.055860	1.858889,0.482907,0.315239	12
1.848420,0.034587,0.178576	1.804443,0.032338,0.080813	0.000000,0.000000,0.000000	1.769557,0.029129,0.016192	1.665388,0.019546,-0.176766	1.570255,0.015067,-0.317847	1.790835,-0.120801,0.019058	1.835359,-0.355936,0.066821	1.819305,-0.349060,0.333587	1.800854,0.183495,0.013069	1.847713,0.419132,0.055870	1.858943,0.482951,0.315236	12
1.848420,0.034587,0.178576	1.804443,0.032338,0.080813	0.000000,0.000000,0.000000	1.769557,0.029129,0.016192	1.665390,0.019546,-0.176767	1.570268,0.015059,-0.317828	1.790881,-0.120311,0.017814	1.835931,-0.355091,0.066815	1.818690,-0.349482,0.333536	1.800853,0.183498,0.013040	1.847710,0.419129,0.055878	1.859005,0.483014,0.315225	12
1.848420,0.034587,0.178576	1.804443,0.032338,0.080813	0.000000,0.000000,0.000000	1.769558,0.029129,0.016191	1.665390,0.019546,-0.176767	1.570280,0.015051,-0.317815	1.790946,-0.119677,0.016254	1.836538,-0.354025,0.066792	1.818047,-0.350003,0.333457	1.800853,0.183501,0.013011	1.847705,0.419126,0.055891	1.859089,0.483100,0.315211	12
1.848421,0.034587,0.178576	1.804443,0.032338,0.080813	0.000000,0.000000,0.000000	1.769558,0.029129,0.016191	1.665391,0.019546,-0.176768	1.570290,0.015043,-0.317804	1.790944,-0.119756,0.016395	1.836778,-0.354086,0.066805	1.817559,-0.350037,0.333422	1.800852,0.183504,0.012982	1.847699,0.419122,0.055903	1.859186,0.483208,0.315191	12
1.848421,0.034587,0.178576	1.804443,0.032338,0.080813	0.000000,0.000000,0.000000	1.769558,0.029129,0.016191	1.665391,0.019546,-0.176768	1.570303,0.015034,-0.317797	1.790892,-0.120350,0.017806	1.836866,-0.354945,0.066819	1.817119,-0.349716,0.333375	1.800852,0.183507,0.012953	1.847694,0.419120,0.055901	1.859285,0.483325,0.315155	12
1.848421,0.034587,0.178576	1.804443,0.032338,0.080813	0.000000,0.000000,0.000000	1.769558,0.029129,0.016191	1.665392,0.019546,-0.176768	1.570320,0.015024,-0.317794	1.790833,-0.121018,0.019431	1.836847,-0.355936,0.066823	1.816732,-0.349342,0.333319	1.800851,0.183510,0.012927	1.847689,0.419118,0.055912	1.859396,0.483468,0.315125	12
1.848421,0.034587,0.178576	1.804443,0.032338,0.080813	0.000000,0.000000,0.000000	1.769558,0.029129,0.016191	1.665392,0.019546,-0.176768	1.570338,0.015012,-0.317791	1.790839,-0.120957,0.019225	1.836459,-0.355920,0.066788	1.816523,-0.349421,0.333301	1.800851,0.183509,0.012891	1.847687,0.419110,0.055916	1.859431,0.483487,0.315121	12
1.848421,0.034587,0.178575	1.804443,0.032338,0.080812	0.000000,0.000000,0.000000	1.769558,0.029129,0.016191	1.665392,0.019546,-0.176769	1.570350,0.014998,-0.317786	1.790920,-0.120207,0.017359	1.835814,-0.354954,0.066626	1.816412,-0.349945,0.333207	1.800850,0.183505,0.012847	1.847686,0.419098,0.055918	1.859465,0.483583,0.315094	12
1.848421,0.034587,0.178575	1.804443,0.032338,0.080812	0.000000,0.000000,0.000000	1.769561,0.029129,0.016189	1.665404,0.019547,-0.176775	1.570363,0.014983,-0.317777	1.791040,-0.119088,0.014695	1.835050,-0.353513,0.066216	1.816404,-0.350688,0.332879	1.800849,0.183498,0.012795	1.847683,0.419083,0.055915	1.859514,0.483709,0.315054	12
