joint_position_head	joint_position_neck	joint_position_shoulder	joint_position_spine_top	joint_position_spine_mid	joint_position_spine_bottom	joint_position_left_shoulder	joint_position_left_elbow	joint_position_left_hand	joint_position_right_shoulder	joint_position_right_elbow	joint_position_right_hand	
XYZ order
1.869344,0.043619,0.069478	1.809937,0.037940,-0.020796	0.000000,0.000000,0.000000	1.780508,0.034582,-0.082262	1.698491,0.025222,-0.253563	1.618741,0.021910,-0.392083	1.790119,-0.105160,-0.063449	1.803290,-0.331162,-0.055621	1.813356,-0.360940,0.190532	1.808391,0.179215,-0.073032	1.851956,0.398939,-0.039338	1.855606,0.472264,0.197704	12
1.869402,0.043621,0.069492	1.809938,0.037962,-0.020796	0.000000,0.000000,0.000000	1.780508,0.034598,-0.082264	1.698485,0.025223,-0.253576	1.618737,0.021910,-0.392101	1.790107,-0.104972,-0.063475	1.803051,-0.330997,-0.055700	1.813324,-0.361003,0.190426	1.808388,0.179086,-0.073011	1.851945,0.398845,-0.039487	1.855626,0.472542,0.197450	12
1.869460,0.043623,0.069504	1.809938,0.037984,-0.020796	0.000000,0.000000,0.000000	1.780507,0.034615,-0.082266	1.698477,0.025224,-0.253596	1.618732,0.021910,-0.392127	1.790098,-0.104777,-0.063495	1.802820,-0.330822,-0.055727	1.813326,-0.361104,0.190362	1.808388,0.178948,-0.072993	1.851843,0.398765,-0.039664	1.855692,0.472435,0.197287	12
1.869519,0.043625,0.069513	1.809939,0.038007,-0.020796	0.000000,0.000000,0.000000	1.780507,0.034632,-0.082268	1.698465,0.025224,-0.253625	1.618722,0.021910,-0.392165	1.790110,-0.104610,-0.063470	1.802579,-0.330678,-0.055752	1.813311,-0.361197,0.190307	1.808389,0.178813,-0.072997	1.851722,0.398696,-0.039894	1.855758,0.472129,0.197136	12
1.869605,0.043627,0.069507	1.809939,0.038030,-0.020796	0.000000,0.000000,0.000000	1.780507,0.034649,-0.082270	1.698448,0.025224,-0.253662	1.618707,0.021909,-0.392214	1.790133,-0.104470,-0.063421	1.802332,-0.330564,-0.055807	1.813453,-0.361255,0.190221	1.808391,0.178705,-0.072985	1.851673,0.398649,-0.040175	1.855776,0.471600,0.197010	12
1.869715,0.043629,0.069492	1.809940,0.038054,-0.020796	0.000000,0.000000,0.000000	1.780507,0.034668,-0.082272	1.698427,0.025224,-0.253709	1.618686,0.021909,-0.392273	1.790159,-0.104355,-0.063365	1.802076,-0.330476,-0.055899	1.813712,-0.361266,0.190101	1.808394,0.178623,-0.072966	1.851670,0.398627,-0.040504	1.855763,0.471002,0.196866	12
1.869849,0.043633,0.069468	1.809940,0.038079,-0.020796	0.000000,0.000000,0.000000	1.780507,0.034686,-0.082274	1.698406,0.025223,-0.253760	1.618683,0.021909,-0.392364	1.790186,-0.104265,-0.063307	1.801851,-0.330414,-0.056079	1.813955,-0.361342,0.189889	1.808395,0.178564,-0.072954	1.851702,0.398629,-0.040902	1.855725,0.470385,0.196665	12
1.869991,0.043636,0.069446	1.809941,0.038102,-0.020796	0.000000,0.000000,0.000000	1.780507,0.034704,-0.082276	1.698383,0.025222,-0.253814	1.618685,0.021909,-0.392479	1.790211,-0.104196,-0.063251	1.801764,-0.330368,-0.056321	1.814152,-0.361743,0.189585	1.808396,0.178524,-0.072948	1.851749,0.398652,-0.041335	1.855673,0.469734,0.196445	12
1.870151,0.043640,0.069421	1.809941,0.038126,-0.020796	0.000000,0.000000,0.000000	1.780507,0.034722,-0.082278	1.698360,0.025221,-0.253868	1.618684,0.021909,-0.392612	1.790233,-0.104144,-0.063204	1.801761,-0.330335,-0.056651	1.814419,-0.362624,0.189129	1.808397,0.178502,-0.072950	1.851801,0.398701,-0.041853	1.855602,0.469076,0.196147	12
1.870345,0.043644,0.069384	1.809942,0.038152,-0.020797	0.000000,0.000000,0.000000	1.780508,0.034741,-0.082281	1.698339,0.025221,-0.253925	1.618680,0.021908,-0.392760	1.790250,-0.104102,-0.063167	1.801799,-0.330312,-0.057050	1.814748,-0.363838,0.188557	1.808397,0.178494,-0.072957	1.851868,0.398755,-0.042344	1.855495,0.468376,0.195889	12
1.870561,0.043647,0.069347	1.809944,0.038177,-0.020797	0.000000,0.000000,0.000000	1.780510,0.034761,-0.082283	1.698318,0.025220,-0.253982	1.618657,0.021908,-0.392903	1.790274,-0.104086,-0.063116	1.801864,-0.330314,-0.057521	1.814396,-0.363207,0.188201	1.808397,0.178505,-0.072972	1.851938,0.398803,-0.042661	1.855358,0.467698,0.195794	12
1.870784,0.043649,0.069315	1.809946,0.038202,-0.020797	0.000000,0.000000,0.000000	1.780513,0.034779,-0.082285	1.698299,0.025219,-0.254037	1.618625,0.021906,-0.393037	1.790303,-0.104101,-0.063052	1.801949,-0.330349,-0.058053	1.813796,-0.361906,0.187884	1.808398,0.178539,-0.072997	1.852012,0.398884,-0.043089	1.855186,0.466906,0.195629	12
1.871007,0.043651,0.069292	1.809950,0.038227,-0.020797	0.000000,0.000000,0.000000	1.780517,0.034798,-0.082288	1.698283,0.025218,-0.254091	1.618593,0.021905,-0.393166	1.790334,-0.104144,-0.062987	1.802037,-0.330409,-0.058613	1.813412,-0.361133,0.187462	1.808399,0.178596,-0.073031	1.852087,0.398993,-0.043562	1.854973,0.465964,0.195466	12
1.870628,0.043599,0.068380	1.809953,0.038252,-0.020797	0.000000,0.000000,0.000000	1.780525,0.034817,-0.082292	1.698279,0.025219,-0.254157	1.618575,0.021904,-0.393302	1.790362,-0.104211,-0.062925	1.802141,-0.330491,-0.059169	1.813097,-0.360620,0.187008	1.808400,0.178676,-0.073075	1.852157,0.399109,-0.043921	1.854724,0.465016,0.195414	12
1.870036,0.043530,0.067159	1.809957,0.038279,-0.020798	0.000000,0.000000,0.000000	1.780541,0.034839,-0.082301	1.698308,0.025220,-0.254236	1.618571,0.021904,-0.393440	1.790370,-0.104266,-0.062910	1.802251,-0.330556,-0.059647	1.812902,-0.360495,0.186577	1.808399,0.178764,-0.073121	1.852160,0.399267,-0.044443	1.854217,0.463984,0.195230	12
1.869437,0.043462,0.065951	1.809968,0.038307,-0.020798	0.000000,0.000000,0.000000	1.780561,0.034860,-0.082308	1.698336,0.025222,-0.254300	1.618571,0.021904,-0.393570	1.790370,-0.104315,-0.062908	1.802380,-0.330611,-0.060057	1.812764,-0.360585,0.186183	1.808397,0.178854,-0.073166	1.852152,0.399381,-0.044607	1.853552,0.463060,0.195358	12
1.868927,0.043404,0.064890	1.809982,0.038335,-0.020798	0.000000,0.000000,0.000000	1.780581,0.034882,-0.082313	1.698357,0.025224,-0.254344	1.618584,0.021905,-0.393698	1.790369,-0.104360,-0.062911	1.802517,-0.330662,-0.060492	1.812676,-0.360866,0.185737	1.808396,0.178942,-0.073210	1.852138,0.399481,-0.044660	1.852614,0.462069,0.195604	12
1.868546,0.043613,0.063985	1.810000,0.038365,-0.020798	0.000000,0.000000,0.000000	1.780644,0.034984,-0.082340	1.698557,0.025532,-0.254426	1.618723,0.022152,-0.393902	1.790616,-0.104377,-0.063026	1.802585,-0.330695,-0.060605	1.812655,-0.361281,0.185589	1.808548,0.178973,-0.073347	1.852054,0.399549,-0.044666	1.851472,0.461057,0.195884	12
1.868276,0.043992,0.063238	1.810022,0.038396,-0.020798	0.000000,0.000000,0.000000	1.780736,0.035132,-0.082383	1.698885,0.026009,-0.254506	1.618951,0.022543,-0.394170	1.790966,-0.104409,-0.063081	1.802616,-0.330752,-0.060639	1.812666,-0.361727,0.185516	1.808753,0.178947,-0.073604	1.851941,0.399552,-0.044609	1.850185,0.460134,0.196180	12
1.868128,0.044337,0.062616	1.810047,0.038427,-0.020798	0.000000,0.000000,0.000000	1.780866,0.035278,-0.082441	1.699356,0.026480,-0.254624	1.619218,0.022901,-0.394483	1.791309,-0.104441,-0.063110	1.802627,-0.330808,-0.060654	1.812794,-0.362240,0.185446	1.809074,0.178944,-0.073776	1.851816,0.399614,-0.044553	1.848642,0.459203,0.196477	12
1.868118,0.044667,0.062058	1.810073,0.038471,-0.020798	0.000000,0.000000,0.000000	1.780975,0.035437,-0.082489	1.699746,0.026968,-0.254699	1.619390,0.023245,-0.394768	1.791462,-0.104438,-0.063120	1.802866,-0.330808,-0.060668	1.812732,-0.362810,0.185379	1.809408,0.178987,-0.073854	1.851703,0.399734,-0.044507	1.846855,0.458752,0.196645	12
1.868205,0.045031,0.061555	1.810101,0.038540,-0.020798	0.000000,0.000000,0.000000	1.781068,0.035619,-0.082528	1.700063,0.027469,-0.254754	1.619521,0.023591,-0.395075	1.791540,-0.104405,-0.063115	1.803319,-0.330764,-0.060703	1.812485,-0.363455,0.185289	1.809892,0.179072,-0.073891	1.851627,0.399921,-0.044455	1.845078,0.458539,0.196763	12
1.868336,0.045399,0.061115	1.810129,0.038621,-0.020798	0.000000,0.000000,0.000000	1.781137,0.035809,-0.082555	1.700296,0.027966,-0.254763	1.619634,0.023936,-0.395394	1.791568,-0.104359,-0.063102	1.803866,-0.330699,-0.060752	1.812160,-0.364269,0.185160	1.810333,0.179181,-0.073906	1.851575,0.400123,-0.044401	1.843474,0.458391,0.196865	12
1.868365,0.045668,0.060826	1.810156,0.038703,-0.020799	0.000000,0.000000,0.000000	1.781196,0.035962,-0.082576	1.700497,0.028322,-0.254730	1.619754,0.024203,-0.395711	1.791576,-0.104318,-0.063087	1.804416,-0.330636,-0.060773	1.811809,-0.365172,0.185043	1.810793,0.179289,-0.073936	1.851527,0.400319,-0.044324	1.843028,0.458184,0.197036	12
1.868350,0.045870,0.060631	1.810184,0.038786,-0.020799	0.000000,0.000000,0.000000	1.781240,0.036079,-0.082588	1.700640,0.028542,-0.254648	1.619808,0.024529,-0.395964	1.791579,-0.104280,-0.063072	1.804958,-0.330575,-0.060783	1.811438,-0.366114,0.184924	1.810993,0.179400,-0.073979	1.851535,0.400454,-0.044223	1.843143,0.457850,0.197260	12
1.868326,0.046077,0.060488	1.810212,0.038888,-0.020799	0.000000,0.000000,0.000000	1.781271,0.036191,-0.082592	1.700739,0.028687,-0.254535	1.619828,0.024940,-0.396160	1.791583,-0.104230,-0.063054	1.805452,-0.330504,-0.060791	1.811089,-0.367100,0.184791	1.811072,0.179536,-0.074025	1.851569,0.400582,-0.044090	1.843289,0.457478,0.197524	12
1.868310,0.046205,0.060382	1.810242,0.038994,-0.020799	0.000000,0.000000,0.000000	1.781297,0.036296,-0.082593	1.700813,0.028794,-0.254415	1.619708,0.025395,-0.396164	1.791589,-0.104183,-0.063038	1.805954,-0.330434,-0.060798	1.810700,-0.368053,0.184657	1.811083,0.179680,-0.074077	1.851636,0.400685,-0.043863	1.843494,0.456903,0.197921	12
1.868307,0.046289,0.060298	1.810271,0.039095,-0.020799	0.000000,0.000000,0.000000	1.781320,0.036387,-0.082593	1.700871,0.028861,-0.254304	1.619533,0.025842,-0.395999	1.791594,-0.104144,-0.063025	1.806511,-0.330367,-0.060824	1.810248,-0.368872,0.184521	1.811062,0.179824,-0.074131	1.851724,0.400773,-0.043596	1.843750,0.455975,0.198436	12
1.868317,0.046370,0.060231	1.810300,0.039233,-0.020800	0.000000,0.000000,0.000000	1.781343,0.036501,-0.082591	1.700919,0.028914,-0.254205	1.619368,0.026309,-0.395713	1.791602,-0.104079,-0.063005	1.806767,-0.330294,-0.060840	1.810000,-0.369496,0.184411	1.811033,0.180007,-0.074200	1.851831,0.400883,-0.043265	1.844029,0.454696,0.199092	12
1.868345,0.046431,0.060172	1.810330,0.039392,-0.020800	0.000000,0.000000,0.000000	1.781365,0.036627,-0.082589	1.700957,0.028951,-0.254120	1.619301,0.026625,-0.395421	1.791611,-0.104004,-0.062982	1.806877,-0.330220,-0.060854	1.809519,-0.369760,0.184360	1.811015,0.180216,-0.074280	1.851951,0.401013,-0.042911	1.844164,0.453971,0.199646	12
