joint_position_head	joint_position_neck	joint_position_shoulder	joint_position_spine_top	joint_position_spine_mid	joint_position_spine_bottom	joint_position_left_shoulder	joint_position_left_elbow	joint_position_left_hand	joint_position_right_shoulder	joint_position_right_elbow	joint_position_right_hand	
XYZ order
1.838278,0.016175,0.282255	1.802633,0.014166,0.186127	0.000000,0.000000,0.000000	1.776938,0.016184,0.120723	1.700247,0.022338,-0.074579	1.605064,0.020654,-0.215712	1.812484,-0.131013,0.125098	1.843837,-0.333268,0.237053	1.848974,-0.319061,0.492278	1.820823,0.161775,0.133412	1.837882,0.358372,0.257838	1.870254,0.311877,0.507146	12
1.838284,0.016195,0.282256	1.802633,0.014166,0.186130	0.000000,0.000000,0.000000	1.776959,0.016223,0.120719	1.700323,0.022475,-0.074601	1.605029,0.020692,-0.215654	1.812554,-0.131080,0.125684	1.843853,-0.333357,0.237175	1.848972,-0.318949,0.492389	1.821729,0.161625,0.133788	1.837899,0.358315,0.257794	1.870357,0.310545,0.506861	12
1.838289,0.016215,0.282257	1.802633,0.014166,0.186134	0.000000,0.000000,0.000000	1.776985,0.016260,0.120714	1.700455,0.022604,-0.074645	1.605005,0.020731,-0.215599	1.812630,-0.131132,0.126259	1.843853,-0.333425,0.237294	1.848972,-0.318850,0.492499	1.822553,0.161489,0.134213	1.837922,0.358274,0.257769	1.870476,0.310006,0.506731	12
1.838267,0.016359,0.282271	1.802633,0.014166,0.186144	0.000000,0.000000,0.000000	1.776988,0.016284,0.120723	1.700392,0.022649,-0.074604	1.604733,0.020753,-0.215398	1.814376,-0.131019,0.126732	1.843779,-0.333422,0.237412	1.848990,-0.318788,0.492611	1.823015,0.161651,0.135340	1.837975,0.358655,0.258019	1.870658,0.309660,0.506822	12
1.838249,0.016565,0.282286	1.802633,0.014166,0.186157	0.000000,0.000000,0.000000	1.776980,0.016296,0.120740	1.700332,0.022667,-0.074564	1.604310,0.020766,-0.215104	1.817508,-0.130760,0.127181	1.843629,-0.333317,0.237489	1.849010,-0.318821,0.492693	1.823294,0.161989,0.136853	1.838024,0.359223,0.258382	1.870876,0.309320,0.506980	12
1.838207,0.016719,0.282316	1.802633,0.014166,0.186174	0.000000,0.000000,0.000000	1.776976,0.016302,0.120759	1.700351,0.022675,-0.074551	1.603964,0.020773,-0.214852	1.820111,-0.130535,0.127593	1.843457,-0.333080,0.237415	1.849028,-0.318940,0.492634	1.823472,0.162422,0.138577	1.838073,0.359848,0.258769	1.870993,0.309125,0.507190	12
1.838154,0.016799,0.282353	1.802633,0.014166,0.186194	0.000000,0.000000,0.000000	1.776978,0.016305,0.120779	1.700379,0.022683,-0.074541	1.603750,0.020778,-0.214683	1.821162,-0.130457,0.127916	1.843320,-0.332808,0.237276	1.849014,-0.319086,0.492515	1.823458,0.162581,0.139340	1.838073,0.359873,0.258754	1.871027,0.309282,0.507196	12
1.838140,0.016840,0.282378	1.802633,0.014166,0.186215	0.000000,0.000000,0.000000	1.776983,0.016304,0.120797	1.700414,0.022680,-0.074534	1.603647,0.020780,-0.214585	1.821565,-0.130434,0.128196	1.843197,-0.332584,0.237137	1.848989,-0.319210,0.492393	1.823347,0.162558,0.139485	1.838049,0.359569,0.258521	1.871025,0.309658,0.507096	12
1.838142,0.016855,0.282398	1.802633,0.014166,0.186236	0.000000,0.000000,0.000000	1.776991,0.016303,0.120816	1.700450,0.022674,-0.074527	1.603609,0.020781,-0.214528	1.821674,-0.130437,0.128456	1.843079,-0.332441,0.237031	1.848944,-0.319290,0.492297	1.823184,0.162445,0.139323	1.838016,0.359158,0.258210	1.871008,0.310114,0.506954	12
1.838187,0.016857,0.282403	1.802633,0.014166,0.186258	0.000000,0.000000,0.000000	1.777000,0.016301,0.120834	1.700482,0.022669,-0.074519	1.603603,0.020781,-0.214493	1.821675,-0.130444,0.128693	1.842965,-0.332362,0.236966	1.848884,-0.319334,0.492237	1.823079,0.162294,0.139063	1.837984,0.358764,0.257905	1.870991,0.310624,0.506823	12
1.838252,0.016853,0.282401	1.802633,0.014166,0.186280	0.000000,0.000000,0.000000	1.777008,0.016299,0.120852	1.700513,0.022662,-0.074509	1.603612,0.020781,-0.214467	1.821650,-0.130466,0.128960	1.842865,-0.332374,0.236955	1.848778,-0.319330,0.492225	1.822863,0.162136,0.138733	1.837955,0.358416,0.257582	1.870976,0.311282,0.506691	12
1.838325,0.016846,0.282400	1.802633,0.014166,0.186306	0.000000,0.000000,0.000000	1.777017,0.016298,0.120875	1.700553,0.022656,-0.074495	1.603632,0.020780,-0.214444	1.821511,-0.130446,0.129072	1.842766,-0.332336,0.236926	1.848653,-0.319351,0.492200	1.822626,0.161992,0.138429	1.837931,0.358120,0.257353	1.870981,0.311945,0.506638	12
1.838421,0.016841,0.282394	1.802633,0.014166,0.186335	0.000000,0.000000,0.000000	1.777027,0.016296,0.120900	1.700590,0.022653,-0.074480	1.603654,0.020780,-0.214420	1.821319,-0.130419,0.129133	1.842713,-0.332302,0.236904	1.848464,-0.319373,0.492184	1.822727,0.161850,0.138257	1.837915,0.357923,0.257226	1.871008,0.312706,0.506682	12
1.838530,0.016837,0.282382	1.802633,0.014166,0.186364	0.000000,0.000000,0.000000	1.777039,0.016295,0.120925	1.700643,0.022650,-0.074471	1.603681,0.020780,-0.214394	1.821125,-0.130387,0.129163	1.842552,-0.332295,0.236902	1.848334,-0.319381,0.492182	1.822968,0.161682,0.138041	1.837899,0.357739,0.257089	1.871040,0.313684,0.506746	12
1.838646,0.016835,0.282369	1.802633,0.014166,0.186394	0.000000,0.000000,0.000000	1.777051,0.016294,0.120950	1.700690,0.022647,-0.074459	1.603709,0.020780,-0.214369	1.821052,-0.130348,0.129186	1.842402,-0.332319,0.236920	1.848219,-0.319370,0.492197	1.823425,0.161487,0.137810	1.837884,0.357578,0.256948	1.871082,0.314798,0.506819	12
1.838754,0.016832,0.282360	1.802634,0.014166,0.186425	0.000000,0.000000,0.000000	1.777059,0.016294,0.120978	1.700707,0.022644,-0.074435	1.603731,0.020779,-0.214345	1.821045,-0.130309,0.129207	1.842209,-0.332365,0.236952	1.848245,-0.319345,0.492220	1.823948,0.161344,0.137738	1.837877,0.357551,0.256868	1.871136,0.315892,0.506921	12
1.838914,0.016830,0.282332	1.802638,0.014166,0.186456	0.000000,0.000000,0.000000	1.777067,0.016293,0.121008	1.700719,0.022639,-0.074405	1.603749,0.020779,-0.214318	1.821077,-0.130275,0.129227	1.841983,-0.332423,0.236991	1.848364,-0.319314,0.492247	1.824497,0.161233,0.137754	1.837890,0.357594,0.256821	1.871190,0.316991,0.507043	12
1.839180,0.016827,0.282274	1.802667,0.014166,0.186488	0.000000,0.000000,0.000000	1.777094,0.016292,0.121041	1.700741,0.022635,-0.074362	1.603766,0.020778,-0.214281	1.821129,-0.130251,0.129248	1.841913,-0.332476,0.237033	1.848466,-0.319285,0.492280	1.824997,0.161145,0.137783	1.837923,0.357657,0.256781	1.871288,0.318161,0.507171	12
1.840569,0.016881,0.281807	1.802736,0.014166,0.186543	0.000000,0.000000,0.000000	1.777237,0.016289,0.121067	1.701397,0.022622,-0.074505	1.604224,0.020775,-0.214407	1.821270,-0.130250,0.129317	1.841941,-0.332511,0.237074	1.848556,-0.319264,0.492317	1.825424,0.161129,0.137946	1.837983,0.357779,0.256774	1.871446,0.319230,0.507299	12
1.843312,0.016965,0.280773	1.802868,0.014166,0.186615	0.000000,0.000000,0.000000	1.777477,0.016289,0.121096	1.702085,0.022630,-0.074620	1.604816,0.020779,-0.214522	1.821432,-0.130273,0.129389	1.842036,-0.332491,0.237084	1.848642,-0.319270,0.492328	1.825828,0.161172,0.138195	1.838074,0.357905,0.256773	1.871696,0.320182,0.507403	12
1.846784,0.017056,0.279372	1.803091,0.014166,0.186695	0.000000,0.000000,0.000000	1.777808,0.016291,0.121135	1.702755,0.022643,-0.074684	1.605466,0.020797,-0.214607	1.821695,-0.130315,0.129462	1.842147,-0.332426,0.237066	1.848741,-0.319306,0.492316	1.826258,0.161254,0.138474	1.838192,0.358008,0.256759	1.872186,0.321179,0.507470	12
1.849900,0.017156,0.278105	1.803423,0.014166,0.186777	0.000000,0.000000,0.000000	1.778164,0.016292,0.121207	1.702958,0.022640,-0.074526	1.605743,0.020822,-0.214456	1.822062,-0.130392,0.129549	1.842264,-0.332353,0.237045	1.848852,-0.319355,0.492300	1.826679,0.161375,0.138728	1.838327,0.358086,0.256716	1.872956,0.322196,0.507476	12
1.851952,0.017270,0.277370	1.803843,0.014166,0.186862	0.000000,0.000000,0.000000	1.778560,0.016292,0.121301	1.703200,0.022637,-0.074354	1.605933,0.020852,-0.214243	1.822480,-0.130495,0.129624	1.842407,-0.332263,0.237020	1.848983,-0.319402,0.492284	1.827102,0.161537,0.138992	1.838494,0.358177,0.256655	1.874149,0.323306,0.507414	12
1.853101,0.017363,0.277103	1.804314,0.014167,0.186944	0.000000,0.000000,0.000000	1.778967,0.016291,0.121409	1.703347,0.022631,-0.074142	1.606043,0.020875,-0.213988	1.822916,-0.130648,0.129725	1.842569,-0.332201,0.237014	1.849134,-0.319426,0.492282	1.827598,0.161724,0.139239	1.838685,0.358260,0.256592	1.875796,0.323838,0.507201	12
1.853702,0.017421,0.277131	1.804812,0.014167,0.187031	0.000000,0.000000,0.000000	1.779379,0.016289,0.121528	1.703479,0.022623,-0.073910	1.606109,0.020892,-0.213708	1.823347,-0.130840,0.129830	1.842734,-0.332200,0.237042	1.849320,-0.319422,0.492309	1.828139,0.161922,0.139422	1.838925,0.358372,0.256499	1.878012,0.324333,0.506859	12
1.854046,0.017462,0.277332	1.805336,0.014166,0.187141	0.000000,0.000000,0.000000	1.779807,0.016287,0.121676	1.703630,0.022615,-0.073631	1.606188,0.020919,-0.213405	1.823750,-0.131052,0.129918	1.842909,-0.332242,0.237095	1.849543,-0.319392,0.492357	1.828639,0.162157,0.139624	1.839196,0.358600,0.256371	1.880793,0.324905,0.506370	12
1.854288,0.017495,0.277609	1.805875,0.014166,0.187265	0.000000,0.000000,0.000000	1.780246,0.016285,0.121839	1.703786,0.022606,-0.073348	1.606281,0.020941,-0.213092	1.824188,-0.131276,0.129994	1.843091,-0.332387,0.237216	1.849831,-0.319307,0.492464	1.828996,0.162407,0.139733	1.839509,0.358947,0.256186	1.883742,0.325558,0.505773	12
1.854499,0.017445,0.277908	1.806410,0.014167,0.187394	0.000000,0.000000,0.000000	1.780683,0.016283,0.122007	1.703938,0.022598,-0.073073	1.606382,0.020953,-0.212780	1.824611,-0.131514,0.130056	1.843305,-0.332598,0.237567	1.850133,-0.319171,0.492794	1.828959,0.162676,0.139664	1.839879,0.359394,0.255964	1.886730,0.326202,0.505102	12
1.854719,0.017388,0.278213	1.806956,0.014167,0.187528	0.000000,0.000000,0.000000	1.781130,0.016281,0.122179	1.704098,0.022589,-0.072784	1.606494,0.020960,-0.212465	1.825085,-0.131715,0.130048	1.843461,-0.332866,0.238030	1.850518,-0.318815,0.493217	1.829007,0.162924,0.139584	1.840301,0.359992,0.255758	1.888307,0.326741,0.504675	12
